   0.0000000000    0.0000000000    0.0000000000
   0.6974190825   -0.4001528513    0.5945454726
   0.8735105362   -0.7239872760    1.5241276719
   0.5067597378   -0.8321087692    2.4481426039
  -0.3247641602   -0.5723797773    2.9391709714
  -1.1747476875   -0.4918343212    3.4597864081
  -1.3130990597    0.3225425073    4.0233902397
  -1.1177600419    1.0903150104    4.6336099146
  -0.4735873410    1.6802793652    4.1468003096
   0.1248538776    1.5501189533    3.3562774604
   0.4364635954    0.9055233441    2.6581400210
   0.7169754352    0.1468342107    2.0701741151
   0.0123834921   -0.1804515412    1.4405438821
  -0.1630863514   -0.9148197165    0.7848658231
   0.3984275736   -1.2352299448    0.0219507573
   1.3592788112   -0.9583351890    0.0316560771
   1.7669844308   -0.4359310250    0.7805686335
   1.5045288705    0.3017023526    1.4026731900
   0.6029252550    0.5990719192    1.0885358610
  -0.1394357522    0.8354198743    1.7154647079
  -0.5613963450    0.7591593852    2.6188658347
  -0.2119588925    0.4775622510    3.5125081126
  -0.3563974741    0.0572127519    4.4083003847
  -1.1873261883   -0.0917161501    4.9443765490
  -2.1706628415    0.0717443468    4.8648171848
  -2.3419959559    0.5400844871    3.9980401218
  -1.9391664039    0.4502361818    3.0871857789
  -1.2651712076    0.0374450468    2.4745407313
  -0.7675789527   -0.6672914425    1.9688249727
  -0.2241949254   -1.5055227993    1.9229774943
   0.6604747490   -1.7364111128    1.5179464413
   1.4056496911   -1.3726340056    0.9590363216
   1.9395350214   -0.8939958297    1.6560814784
   1.8805032960   -0.5446050481    2.5911971596
   1.3703924567   -0.2089724237    3.3831174037
   0.4052982547   -0.3578708383    3.5985760848
  -0.3732490529   -0.8633013417    3.9706030947
  -1.1155461794   -1.1764294623    4.5630098436
  -1.6246083765   -1.4914841500    5.3640068618
  -2.1207223892   -1.1690213490    6.1701635639
