   0.0000000000    0.0000000000    0.0000000000
  -0.0378978677    0.9981144162   -0.0482841992
  -0.1442599078    1.9878283584    0.0473893544
  -0.6282645648    2.8604908069   -0.0174160698
  -1.0717610979    3.6627262724    0.3822451406
  -0.7711192834    4.2574544118    1.1278408350
  -0.4647670880    4.2675144733    2.0797059134
  -0.2584351176    3.3005107880    2.2291414868
   0.1194177153    2.3844500218    2.3635286487
   0.0703629862    1.4077500025    2.1546011351
   0.0422338239    1.0430518525    1.2239003187
   0.7593017004    0.8046392177    0.5689399565
   1.0974895948    1.3488130051   -0.1988515759
   1.0287477093    1.9758165445   -0.9748290980
   0.5578721525    2.8302624813   -1.1943703265
  -0.4332321638    2.8161490151   -1.0620334676
  -0.9392103562    2.0449437396   -0.6757324298
  -1.3398573224    1.5471988981    0.0935088076
  -1.3078518027    0.9309241539    0.8803894125
  -0.5729269182    0.2539299229    0.9199397005
   0.3381591156   -0.1260093686    1.0798408382
   1.2958718699   -0.1348662809    0.7922511387
   1.5321620036    0.3077271855   -0.0727794945
   0.9138012750    0.5694496794   -0.8138134650
   0.0794602841    1.0084621909   -1.1471948168
  -0.2567935213    1.7586190840   -1.7165787067
  -1.0273532934    2.3951595282   -1.7490425399
  -1.5265917561    3.0908036896   -1.2324768054
  -1.5979663717    2.8506799357   -0.2643620151
  -1.4296591626    2.5832617984    0.6844057242
  -0.5875417155    2.3520698378    1.1716310136
   0.3775787911    2.0956865155    1.1186215827
   1.0797830254    1.4664945715    1.4518282918
   1.1738659436    0.4851693323    1.6196054638
   0.5015407681   -0.0628422882    2.1172620945
  -0.4631206547   -0.0880631358    1.8549793307
  -0.9763149602    0.7683322255    1.9117119488
  -1.2692355047    1.7133733483    1.7664713520
  -1.5227313564    2.6782148139    1.8359033286
  -1.7708290939    3.5612951725    1.4376363417
