1000

1           -32.6109    	-89.0435    	236.767     	
1           -33.1905    	-88.6186    	237.462     	
1           -33.6148    	-88.0072    	238.131     	
1           -33.9099    	-87.3623    	238.836     	
1           -34.3722    	-86.6264    	239.33      	
1           -34.8031    	-85.7569    	239.57      	
1           -35.3391    	-84.9525    	239.828     	
1           -35.5751    	-83.984     	239.749     	
1           -35.8105    	-83.1454    	239.257     	
1           -36.0779    	-82.4093    	238.635     	
1           -36.6985    	-81.7745    	238.175     	
1           -37.0497    	-81.1424    	237.484     	
1           -37.4935    	-80.5295    	236.83      	
1           -37.9208    	-80.0576    	236.059     	
1           -38.6041    	-80.1164    	235.331     	
1           -39.2849    	-79.6074    	234.804     	
1           -39.7957    	-79.3418    	233.987     	
1           -40.4833    	-78.9129    	233.4       	
1           -41.3486    	-79.144     	232.956     	
1           -41.8391    	-79.1013    	232.086     	
1           -42.3264    	-79.1765    	231.216     	
1           -42.8345    	-79.1158    	230.356     	
1           -43.6493    	-79.2575    	229.794     	
1           -44.5762    	-79.2251    	229.422     	
1           -45.1653    	-79.4441    	228.643     	
1           -45.7664    	-79.4416    	227.844     	
1           -45.8916    	-79.2136    	226.878     	
1           -45.9176    	-79.1938    	225.879     	
1           -46.1701    	-78.7566    	225.016     	
1           -46.6961    	-78.5581    	224.189     	
1           -47.3749    	-78.4592    	223.462     	
1           -47.7787    	-78.0353    	222.651     	
1           -48.3616    	-77.5762    	221.98      	
1           -48.7032    	-77.5575    	221.041     	
1           -48.7977    	-77.8579    	220.092     	
1           -48.566     	-78.2584    	219.205     	
1           -48.2192    	-78.4055    	218.279     	
1           -47.8117    	-79.0113    	217.595     	
1           -47.0987    	-79.4366    	217.039     	
1           -46.5726    	-80.1049    	216.513     	
1           -45.9844    	-80.8406    	216.177     	
1           -45.195     	-80.9952    	215.583     	
1           -44.8083    	-81.0075    	214.661     	
1           -44.5071    	-81.1306    	213.715     	
1           -44.1655    	-81.1592    	212.776     	
1           -44.2577    	-81.3093    	211.791     	
1           -44.8729    	-81.3436    	211.004     	
1           -45.7012    	-81.4091    	210.448     	
1           -46.4768    	-81.1533    	209.871     	
1           -47.0358    	-80.8038    	209.118     	
1           -47.6497    	-80.2357    	208.57      	
1           -48.4167    	-79.8214    	208.08      	
1           -49.3544    	-79.5448    	207.87      	
1           -50.2902    	-79.2198    	207.737     	
1           -51.2024    	-79.0177    	207.381     	
1           -52.0892    	-78.6329    	207.126     	
1           -52.8313    	-78.5199    	206.465     	
1           -53.1002    	-78.2438    	205.542     	
1           -53.4251    	-77.8198    	204.697     	
1           -53.8002    	-77.5708    	203.803     	
1           -54.1202    	-77.4681    	202.862     	
1           -54.2085    	-77.1303    	201.925     	
1           -54.3081    	-76.3755    	201.277     	
1           -53.8145    	-75.897     	200.551     	
1           -53.9272    	-75.2841    	199.768     	
1           -53.6344    	-74.8722    	198.906     	
1           -53.4072    	-74.7676    	197.937     	
1           -53.3436    	-74.8465    	196.943     	
1           -53.4103    	-74.667     	195.961     	
1           -53.4109    	-74.8095    	194.971     	
1           -53.8798    	-74.8286    	194.088     	
1           -54.4915    	-74.6559    	193.315     	
1           -55.2735    	-74.9003    	192.742     	
1           -56.0896    	-74.814     	192.171     	
1           -57.0056    	-74.8624    	191.773     	
1           -57.7319    	-75.1507    	191.15      	
1           -57.9986    	-75.3753    	190.212     	
1           -57.9599    	-75.8641    	189.341     	
1           -57.5627    	-76.1942    	188.484     	
1           -57.1707    	-76.7984    	187.79      	
1           -56.9694    	-77.0982    	186.858     	
1           -57.0411    	-77.379     	185.9       	
1           -56.9186    	-77.4785    	184.913     	
1           -56.9242    	-77.899     	184.006     	
1           -56.5266    	-77.638     	183.126     	
1           -55.8798    	-77.2145    	182.492     	
1           -55.6898    	-76.7985    	181.603     	
1           -54.9841    	-76.7017    	180.901     	
1           -54.4443    	-76.1278    	180.284     	
1           -53.678     	-75.6889    	179.815     	
1           -52.8028    	-75.8582    	179.362     	
1           -52.1539    	-76.127     	178.65      	
1           -51.4814    	-76.4411    	177.981     	
1           -50.7442    	-76.6823    	177.349     	
1           -50.2415    	-77.324     	176.769     	
1           -50.0164    	-78.2162    	176.38      	
1           -50.1125    	-79.1687    	176.67      	
1           -50.4731    	-80.0996    	176.747     	
1           -50.9351    	-80.9494    	176.995     	
1           -51.6401    	-81.4466    	177.503     	
1           -52.5563    	-81.8445    	177.538     	
1           -53.3318    	-82.1481    	178.092     	
1           -54.2359    	-82.5743    	178.058     	
1           -54.9923    	-83.0549    	177.614     	
1           -55.494     	-83.3681    	176.808     	
1           -55.732     	-83.5715    	175.858     	
1           -55.9086    	-84.4695    	175.455     	
1           -55.9645    	-85.3627    	175.008     	
1           -55.7428    	-86.2814    	174.682     	
1           -55.8784    	-87.2644    	174.805     	
1           -56.124     	-88.2193    	174.974     	
1           -55.9864    	-89.1191    	175.388     	
1           -56.1365    	-90.022     	175.791     	
1           -56.1624    	-90.87      	176.32      	
1           -56.0813    	-91.8656    	176.354     	
1           -56.4627    	-92.6101    	176.901     	
1           -56.9825    	-93.373     	177.288     	
1           -57.4823    	-94.0913    	177.772     	
1           -58.0174    	-94.8177    	178.204     	
1           -58.3428    	-95.7612    	178.155     	
1           -58.7395    	-96.6765    	178.089     	
1           -58.4117    	-97.571     	177.783     	
1           -58.097     	-98.4323    	177.383     	
1           -58.2016    	-99.3155    	176.925     	
1           -58.5509    	-100.096    	176.407     	
1           -58.9019    	-100.721    	175.71      	
1           -58.7445    	-101.22     	174.857     	
1           -58.5107    	-101.411    	173.904     	
1           -58.4259    	-101.575    	172.921     	
1           -57.7318    	-101.678    	172.209     	
1           -56.7986    	-101.947    	171.97      	
1           -56.0538    	-102.583    	171.767     	
1           -55.5103    	-103.421    	171.791     	
1           -54.9727    	-103.902    	171.098     	
1           -54.8555    	-104.5      	170.304     	
1           -54.6862    	-105.121    	169.54      	
1           -54.4475    	-105.806    	168.851     	
1           -53.6757    	-106.32     	168.478     	
1           -53.0796    	-107.051    	168.144     	
1           -52.77      	-107.65     	167.407     	
1           -52.7511    	-108.087    	166.507     	
1           -52.6993    	-108.68     	165.703     	
1           -53.0047    	-109.363    	165.04      	
1           -53.2693    	-110.276    	164.727     	
1           -53.7709    	-110.363    	163.868     	
1           -54.1983    	-110.521    	162.977     	
1           -54.5149    	-110.643    	162.036     	
1           -55.0539    	-111.189    	161.395     	
1           -55.6186    	-111.59     	160.675     	
1           -56.1785    	-112.144    	160.058     	
1           -57.0664    	-112.574    	159.896     	
1           -57.9377    	-112.948    	160.215     	
1           -58.7327    	-113.447    	160.559     	
1           -59.4848    	-113.951    	160.984     	
1           -60.1175    	-114.712    	161.127     	
1           -60.7874    	-115.454    	161.156     	
1           -61.5649    	-115.75     	161.711     	
1           -61.897     	-116.104    	162.585     	
1           -61.9745    	-116.617    	163.44      	
1           -61.922     	-117.309    	164.159     	
1           -61.9974    	-118.132    	164.723     	
1           -61.7391    	-119.054    	165.009     	
1           -61.1011    	-119.809    	164.855     	
1           -60.3173    	-120.271    	164.44      	
1           -59.5204    	-120.848    	164.257     	
1           -58.6074    	-120.877    	163.852     	
1           -57.833     	-120.967    	163.226     	
1           -56.9477    	-121.221    	162.834     	
1           -56.0999    	-121.461    	162.363     	
1           -55.2577    	-121.389    	161.828     	
1           -54.8416    	-121.491    	160.924     	
1           -54.6158    	-121.144    	160.014     	
1           -54.5902    	-121.468    	159.069     	
1           -55.1255    	-122.19     	158.628     	
1           -55.6235    	-123.011    	158.349     	
1           -55.6383    	-123.988    	158.141     	
1           -54.9388    	-124.659    	157.894     	
1           -54.5091    	-125.55     	157.75      	
1           -53.6831    	-126.113    	157.718     	
1           -52.7338    	-126.207    	157.417     	
1           -51.7825    	-126.405    	157.183     	
1           -50.8863    	-126.21     	156.782     	
1           -49.9685    	-126.059    	156.416     	
1           -49.0309    	-125.795    	156.193     	
1           -48.1626    	-126.289    	156.136     	
1           -47.5755    	-127.097    	156.092     	
1           -46.6695    	-127.394    	155.792     	
1           -45.9038    	-127.493    	155.157     	
1           -44.9939    	-127.337    	154.772     	
1           -44.0125    	-127.399    	154.59      	
1           -43.2246    	-126.79     	154.489     	
1           -42.823     	-126.006    	154.961     	
1           -42.429     	-125.136    	155.258     	
1           -41.769     	-124.401    	155.099     	
1           -41.1945    	-123.587    	155.024     	
1           -40.7401    	-122.73     	154.782     	
1           -40.4215    	-122.094    	154.08      	
1           -40.2606    	-121.467    	153.316     	
1           -39.8656    	-120.933    	152.569     	
1           -39.5411    	-120.9      	151.625     	
1           -39.3714    	-120.578    	150.694     	
1           -39.5376    	-119.957    	149.926     	
1           -39.5182    	-119.911    	148.928     	
1           -38.8659    	-119.744    	148.188     	
1           -38.3649    	-119.713    	147.323     	
1           -38.602     	-120.104    	146.434     	
1           -38.3086    	-120.184    	145.481     	
1           -38.0715    	-120.045    	144.519     	
1           -37.7801    	-119.941    	143.568     	
1           -37.1035    	-119.745    	142.858     	
1           -36.2527    	-119.412    	142.453     	
1           -35.4548    	-119.264    	141.869     	
1           -34.7472    	-119.487    	141.199     	
1           -33.8839    	-119.664    	140.726     	
1           -33.011     	-119.639    	140.238     	
1           -32.0842    	-119.741    	139.876     	
1           -31.1942    	-119.743    	139.421     	
1           -30.477     	-119.795    	138.726     	
1           -29.8817    	-119.869    	137.926     	
1           -28.9283    	-119.953    	137.635     	
1           -27.95      	-120.11     	137.504     	
1           -27.0889    	-119.987    	137.997     	
1           -26.0945    	-120.038    	138.09      	
1           -25.1777    	-120.351    	138.34      	
1           -24.3321    	-120.596    	137.868     	
1           -23.3819    	-120.351    	137.673     	
1           -22.4333    	-120.045    	137.589     	
1           -21.5466    	-119.604    	137.45      	
1           -20.9459    	-118.972    	137.939     	
1           -20.7802    	-118.178    	138.524     	
1           -20.5423    	-117.562    	139.275     	
1           -20.2061    	-117.335    	140.19      	
1           -20.3611    	-117.142    	141.158     	
1           -20.5455    	-116.783    	142.074     	
1           -21.0856    	-116.184    	142.664     	
1           -21.7948    	-115.482    	142.723     	
1           -22.1735    	-114.569    	142.878     	
1           -22.5778    	-113.66     	142.982     	
1           -22.9871    	-112.775    	143.204     	
1           -23.3406    	-112.206    	143.945     	
1           -23.7529    	-111.611    	144.636     	
1           -23.9305    	-111.488    	145.612     	
1           -24.6275    	-111.386    	146.322     	
1           -24.6436    	-111.347    	147.321     	
1           -24.6363    	-111.308    	148.32      	
1           -25.1386    	-111.204    	149.179     	
1           -25.5794    	-111.479    	150.034     	
1           -26.16      	-111.847    	150.76      	
1           -26.9099    	-112.415    	151.099     	
1           -27.6616    	-112.846    	151.599     	
1           -28.0326    	-113.694    	151.976     	
1           -28.4402    	-114.391    	152.565     	
1           -29.0451    	-115.03     	153.04      	
1           -29.714     	-115.535    	153.588     	
1           -30.3313    	-116.061    	154.172     	
1           -31.0325    	-116.324    	154.834     	
1           -31.8766    	-116.033    	155.284     	
1           -32.862     	-115.88     	155.368     	
1           -33.604     	-115.498    	154.818     	
1           -34.4772    	-115.453    	154.333     	
1           -35.409     	-115.284    	154.01      	
1           -36.4032    	-115.262    	153.904     	
1           -37.3528    	-115.108    	154.177     	
1           -38.1499    	-115.35     	154.729     	
1           -39.0358    	-115.157    	155.15      	
1           -39.7409    	-114.871    	155.799     	
1           -40.621     	-114.705    	156.245     	
1           -41.4106    	-114.366    	156.756     	
1           -42.2808    	-113.979    	157.061     	
1           -42.7086    	-113.075    	157.062     	
1           -42.926     	-112.102    	156.981     	
1           -42.9498    	-111.115    	156.828     	
1           -42.8825    	-110.186    	156.462     	
1           -42.6377    	-109.448    	155.833     	
1           -42.4805    	-108.833    	155.06      	
1           -42.3599    	-107.976    	154.56      	
1           -42.3184    	-107.181    	153.955     	
1           -42.2474    	-106.278    	153.53      	
1           -42.1774    	-105.349    	153.168     	
1           -41.5753    	-104.563    	153.029     	
1           -41.5605    	-103.67     	152.579     	
1           -41.3364    	-102.795    	152.148     	
1           -41.0479    	-101.892    	151.833     	
1           -40.4013    	-101.135    	151.73      	
1           -39.667     	-100.585    	151.333     	
1           -39.1176    	-99.8514    	150.933     	
1           -38.9068    	-99.1593    	150.243     	
1           -38.3321    	-98.4678    	149.805     	
1           -37.8815    	-97.9381    	149.087     	
1           -37.572     	-97.1439    	148.564     	
1           -37.512     	-96.2527    	148.114     	
1           -36.8776    	-95.4928    	147.97      	
1           -36.3854    	-94.6228    	148.002     	
1           -35.5334    	-94.1346    	148.19      	
1           -34.7526    	-93.7436    	148.677     	
1           -34.3192    	-93.2521    	149.433     	
1           -33.7768    	-92.5601    	149.909     	
1           -33.2286    	-91.9568    	150.487     	
1           -32.7952    	-91.4207    	151.212     	
1           -32.3986    	-91.2248    	152.108     	
1           -32.2248    	-90.9524    	153.055     	
1           -32.0571    	-90.5554    	153.958     	
1           -31.9551    	-90.2853    	154.914     	
1           -31.932     	-90.061     	155.889     	
1           -32.2181    	-90.2386    	156.83      	
1           -32.413     	-90.1687    	157.809     	
1           -32.4876    	-89.9125    	158.773     	
1           -32.6035    	-89.0807    	159.315     	
1           -33.2605    	-88.3793    	159.595     	
1           -33.8396    	-88.037     	160.334     	
1           -33.9924    	-87.3131    	161.007     	
1           -34.2279    	-86.6953    	161.757     	
1           -34.6288    	-85.9421    	162.278     	
1           -35.1228    	-85.3994    	162.957     	
1           -35.612     	-84.8381    	163.626     	
1           -36.4097    	-84.3729    	164.008     	
1           -36.859     	-83.5506    	164.359     	
1           -37.3092    	-82.7551    	164.763     	
1           -38.0954    	-82.1586    	164.925     	
1           -38.8636    	-81.5473    	165.119     	
1           -39.7096    	-81.0418    	164.951     	
1           -40.3823    	-80.4586    	164.495     	
1           -40.6693    	-80.0879    	163.612     	
1           -41.2782    	-80.007     	162.823     	
1           -42.0575    	-80.3011    	162.269     	
1           -42.6573    	-80.906     	161.745     	
1           -43.0652    	-81.6262    	161.185     	
1           -43.0781    	-82.4096    	160.564     	
1           -43.2473    	-83.3203    	160.185     	
1           -43.1411    	-84.2625    	159.867     	
1           -42.6163    	-85.098     	160.029     	
1           -42.1318    	-85.9305    	160.295     	
1           -41.4984    	-86.5685    	160.733     	
1           -40.8752    	-86.9885    	161.393     	
1           -40.274     	-87.3344    	162.113     	
1           -39.7813    	-87.7274    	162.89      	
1           -39.6194    	-88.4853    	163.521     	
1           -39.1934    	-89.2099    	164.064     	
1           -39.0451    	-90.0851    	164.525     	
1           -38.5648    	-90.9179    	164.799     	
1           -38.5819    	-91.9066    	164.652     	
1           -38.685     	-92.862     	164.375     	
1           -38.5801    	-93.8394    	164.193     	
1           -38.6455    	-94.7646    	163.818     	
1           -38.9491    	-95.1389    	162.942     	
1           -39.2699    	-95.4787    	162.058     	
1           -39.7155    	-95.973     	161.311     	
1           -40.3958    	-96.4022    	160.717     	
1           -40.6716    	-97.0828    	160.039     	
1           -40.7379    	-97.9785    	159.599     	
1           -40.7317    	-98.8822    	159.169     	
1           -40.56      	-99.2645    	158.262     	
1           -40.3115    	-99.9221    	157.551     	
1           -40.4291    	-100.5      	156.742     	
1           -40.6589    	-100.83     	155.827     	
1           -41.2063    	-100.864    	154.991     	
1           -41.5929    	-101.029    	154.083     	
1           -42.0865    	-100.985    	153.214     	
1           -42.2752    	-100.618    	152.304     	
1           -42.4363    	-99.9487    	151.579     	
1           -42.194     	-99.1744    	150.994     	
1           -42.0743    	-98.4631    	150.301     	
1           -42.3635    	-98.1583    	149.395     	
1           -42.1505    	-97.6159    	148.582     	
1           -41.546     	-97.2774    	147.86      	
1           -40.8564    	-96.9417    	147.219     	
1           -40.1635    	-96.2555    	146.997     	
1           -39.7488    	-95.7485    	146.241     	
1           -39.177     	-94.9303    	146.173     	
1           -38.9135    	-94.2491    	145.49      	
1           -38.9672    	-93.438     	144.908     	
1           -39.1098    	-92.5579    	144.455     	
1           -39.1566    	-91.76      	143.855     	
1           -39.1739    	-90.7598    	143.822     	
1           -39.2823    	-89.7665    	143.804     	
1           -39.5633    	-88.8532    	143.508     	
1           -40.2389    	-88.2855    	143.038     	
1           -40.4154    	-87.8253    	142.168     	
1           -40.0425    	-87.3893    	141.349     	
1           -40.0191    	-86.6115    	140.721     	
1           -39.6611    	-85.7468    	140.369     	
1           -39.0772    	-85.1125    	139.861     	
1           -38.4796    	-84.5371    	139.303     	
1           -38.1825    	-84.2364    	138.397     	
1           -37.8475    	-83.8767    	137.526     	
1           -37.6762    	-83.7499    	136.548     	
1           -37.5944    	-83.8338    	135.556     	
1           -38.1128    	-83.3938    	134.822     	
1           -38.4181    	-82.6438    	134.236     	
1           -38.4765    	-81.9871    	133.484     	
1           -38.3386    	-81.7519    	132.522     	
1           -37.9598    	-81.3629    	131.682     	
1           -37.7866    	-81.0036    	130.765     	
1           -37.5616    	-80.8596    	129.801     	
1           -37.7045    	-81.1091    	128.843     	
1           -38.0009    	-81.3086    	127.909     	
1           -38.071     	-81.5774    	126.949     	
1           -38.1632    	-81.5566    	125.953     	
1           -38.087     	-81.6265    	124.959     	
1           -38.0677    	-81.152     	124.079     	
1           -38.3231    	-80.7413    	123.203     	
1           -38.6391    	-80.428     	122.308     	
1           -39.2701    	-80.6222    	121.557     	
1           -39.6567    	-81.1855    	120.826     	
1           -40.2803    	-81.8398    	120.399     	
1           -40.5245    	-82.7743    	120.14      	
1           -41.1678    	-83.5396    	120.122     	
1           -41.6912    	-84.3768    	119.963     	
1           -41.8797    	-85.355     	119.875     	
1           -42.7791    	-85.786     	119.946     	
1           -43.7451    	-86.0445    	119.935     	
1           -44.5653    	-86.5795    	119.732     	
1           -45.1821    	-87.3362    	119.949     	
1           -45.5068    	-88.2152    	120.298     	
1           -45.8371    	-89.1547    	120.389     	
1           -45.778     	-90.1       	120.71      	
1           -45.9625    	-90.8683    	121.323     	
1           -45.4734    	-91.6228    	121.761     	
1           -44.8867    	-92.0351    	122.458     	
1           -44.0522    	-91.7908    	122.951     	
1           -43.2588    	-91.5813    	123.523     	
1           -42.4143    	-91.3789    	124.019     	
1           -41.9578    	-90.6876    	124.579     	
1           -41.1986    	-90.0553    	124.733     	
1           -40.43      	-89.416     	124.714     	
1           -39.7835    	-88.8997    	125.276     	
1           -39.4897    	-88.5686    	126.172     	
1           -39.4263    	-88.5015    	127.168     	
1           -39.174     	-88.0556    	128.027     	
1           -38.8125    	-87.4707    	128.753     	
1           -38.8137    	-86.8707    	129.553     	
1           -38.5543    	-86.5208    	130.453     	
1           -38.0524    	-86.4408    	131.314     	
1           -37.5823    	-86.4827    	132.196     	
1           -37.1746    	-86.2478    	133.078     	
1           -36.5933    	-85.6569    	133.638     	
1           -36.0279    	-85.2498    	134.355     	
1           -35.328     	-84.7043    	134.816     	
1           -34.6992    	-84.5283    	135.573     	
1           -33.854     	-84.4519    	136.102     	
1           -33.2085    	-84.1854    	136.818     	
1           -32.5322    	-84.1173    	137.552     	
1           -32.2985    	-83.5926    	138.37      	
1           -32.536     	-83.0239    	139.158     	
1           -32.8741    	-82.6048    	140         	
1           -33.551     	-81.9966    	140.415     	
1           -34.1523    	-81.6228    	141.121     	
1           -34.5418    	-81.6796    	142.04      	
1           -34.6155    	-81.6937    	143.037     	
1           -34.2737    	-82.0376    	143.912     	
1           -34.393     	-82.3566    	144.852     	
1           -35.1297    	-82.7359    	145.412     	
1           -35.8166    	-83.354     	145.794     	
1           -36.2895    	-84.2299    	145.89      	
1           -37.0508    	-84.4885    	146.485     	
1           -37.7011    	-85.0084    	147.039     	
1           -38.0721    	-85.7602    	147.584     	
1           -38.5634    	-86.4933    	148.054     	
1           -38.977     	-87.3007    	148.475     	
1           -39.3274    	-88.1841    	148.786     	
1           -39.507     	-89.1591    	148.657     	
1           -39.4865    	-90.1587    	148.678     	
1           -39.3834    	-91.1342    	148.484     	
1           -39.2668    	-92.0921    	148.221     	
1           -38.7209    	-92.9281    	148.166     	
1           -37.9274    	-93.5349    	148.211     	
1           -37.3027    	-94.1514    	148.69      	
1           -36.7951    	-94.4045    	149.514     	
1           -36.1313    	-94.9241    	150.052     	
1           -35.841     	-95.8212    	150.385     	
1           -35.4745    	-96.707     	150.67      	
1           -35.1047    	-97.4428    	151.237     	
1           -34.2253    	-97.7938    	151.559     	
1           -33.2325    	-97.9135    	151.568     	
1           -32.3039    	-97.5823    	151.4       	
1           -31.4279    	-97.2233    	151.078     	
1           -31.0963    	-96.9536    	150.174     	
1           -30.6079    	-96.3467    	149.547     	
1           -30.1575    	-95.4953    	149.278     	
1           -30.1888    	-94.5007    	149.179     	
1           -30.243     	-93.5234    	148.974     	
1           -30.3479    	-92.5296    	149.014     	
1           -30.391     	-91.6283    	148.583     	
1           -30.4426    	-90.6312    	148.526     	
1           -30.629     	-89.9109    	147.858     	
1           -30.7812    	-89.1406    	147.239     	
1           -30.9724    	-88.549     	146.455     	
1           -30.8815    	-88.1959    	145.524     	
1           -30.5988    	-87.5498    	144.815     	
1           -30.4065    	-87.3633    	143.852     	
1           -30.2254    	-87.4628    	142.874     	
1           -30.4044    	-87.9269    	142.006     	
1           -30.6327    	-87.826     	141.038     	
1           -30.8397    	-87.2686    	140.234     	
1           -31.2056    	-86.6001    	139.586     	
1           -31.7732    	-85.9839    	139.04      	
1           -32.7242    	-85.675     	139.035     	
1           -33.6587    	-85.3192    	139.045     	
1           -34.5465    	-85.6646    	138.741     	
1           -35.4716    	-86.0441    	138.731     	
1           -36.4186    	-85.9418    	139.035     	
1           -37.4108    	-85.932     	139.159     	
1           -38.3277    	-86.2775    	138.959     	
1           -39.1385    	-86.8313    	139.149     	
1           -39.9404    	-87.3825    	139.379     	
1           -40.7222    	-87.9695    	139.589     	
1           -41.4908    	-88.5134    	139.926     	
1           -42.1746    	-88.7263    	140.624     	
1           -42.6586    	-88.9482    	141.471     	
1           -42.7401    	-88.8474    	142.462     	
1           -42.6863    	-88.6767    	143.446     	
1           -43.1077    	-88.6334    	144.352     	
1           -43.5468    	-88.4978    	145.24      	
1           -43.8262    	-87.7868    	145.886     	
1           -43.9534    	-87.3307    	146.766     	
1           -44.1463    	-87.2049    	147.739     	
1           -44.7008    	-87.1462    	148.569     	
1           -44.7001    	-87.0406    	149.564     	
1           -44.7969    	-86.7294    	150.509     	
1           -44.9449    	-86.7274    	151.498     	
1           -44.7302    	-86.4051    	152.42      	
1           -44.8669    	-86.3152    	153.407     	
1           -44.6016    	-86.1492    	154.357     	
1           -44.1301    	-86.2019    	155.237     	
1           -43.4362    	-86.6177    	155.825     	
1           -42.9025    	-87.1459    	156.485     	
1           -43.3961    	-87.7187    	157.14      	
1           -43.9648    	-87.9044    	157.941     	
1           -44.0455    	-88.4802    	158.755     	
1           -44.4631    	-89.0956    	159.423     	
1           -45.0868    	-89.5535    	160.057     	
1           -45.9231    	-90.0789    	160.213     	
1           -46.6771    	-90.7235    	160.34      	
1           -47.5665    	-90.885     	160.768     	
1           -48.0761    	-91.0625    	161.61      	
1           -48.2994    	-90.9498    	162.578     	
1           -48.3144    	-90.5038    	163.473     	
1           -48.9248    	-89.9292    	164.018     	
1           -49.7599    	-89.3802    	164.052     	
1           -50.5594    	-88.7829    	163.988     	
1           -51.4631    	-88.4386    	164.242     	
1           -52.3158    	-88.2064    	164.711     	
1           -53.3055    	-88.1067    	164.813     	
1           -54.1938    	-87.845     	165.19      	
1           -55.0488    	-87.5573    	165.622     	
1           -55.8814    	-87.5244    	166.175     	
1           -56.7115    	-86.9761    	166.074     	
1           -57.5147    	-86.7443    	165.525     	
1           -58.2601    	-86.5341    	164.893     	
1           -59.0879    	-86.1648    	164.47      	
1           -59.9588    	-85.7554    	164.198     	
1           -60.5701    	-85.1698    	163.666     	
1           -61.2146    	-84.5958    	163.161     	
1           -61.7203    	-84.0072    	162.53      	
1           -62.2886    	-83.5606    	161.839     	
1           -62.7605    	-82.8085    	161.379     	
1           -63.4078    	-82.1406    	161.012     	
1           -64.3372    	-82.2538    	160.66      	
1           -65.2502    	-82.2696    	160.253     	
1           -66.2092    	-82.1407    	160.001     	
1           -66.9647    	-81.7133    	159.504     	
1           -67.4407    	-81.7211    	158.625     	
1           -67.3784    	-81.7872    	157.629     	
1           -67.0344    	-81.5222    	156.728     	
1           -66.7516    	-81.2797    	155.8       	
1           -66.5024    	-80.389     	155.42      	
1           -66.6224    	-79.4295    	155.165     	
1           -66.8354    	-78.6824    	154.535     	
1           -66.854     	-77.8294    	154.014     	
1           -66.9526    	-76.9833    	153.49      	
1           -66.9796    	-76.0323    	153.182     	
1           -67.2533    	-75.4421    	152.422     	
1           -67.5515    	-74.9279    	151.618     	
1           -68.3676    	-74.4501    	151.293     	
1           -69.0693    	-74.175     	150.636     	
1           -69.3315    	-73.8614    	149.723     	
1           -69.2355    	-73.2585    	148.931     	
1           -68.9678    	-72.4589    	148.394     	
1           -68.2975    	-71.8191    	148.017     	
1           -67.9819    	-71.3006    	147.223     	
1           -67.8671    	-70.8235    	146.351     	
1           -67.9501    	-70.7927    	145.355     	
1           -67.5689    	-70.5765    	144.456     	
1           -67.4097    	-70.5361    	143.47      	
1           -67.2121    	-70.8736    	142.55      	
1           -67.0706    	-71.49      	141.775     	
1           -67.0426    	-71.7549    	140.811     	
1           -67.242     	-72.1936    	139.935     	
1           -67.6103    	-72.9104    	139.343     	
1           -67.623     	-73.5377    	138.564     	
1           -67.5636    	-73.7328    	137.585     	
1           -67.3666    	-74.0834    	136.67      	
1           -66.8098    	-74.0178    	135.842     	
1           -66.9506    	-74.0119    	134.852     	
1           -67.2991    	-74.4467    	134.021     	
1           -67.647     	-74.6549    	133.107     	
1           -68.2639    	-74.7453    	132.325     	
1           -68.5545    	-75.1605    	131.463     	
1           -68.621     	-76.036     	130.985     	
1           -68.5721    	-77.0241    	130.839     	
1           -68.2135    	-77.9571    	130.805     	
1           -68.2906    	-78.9517    	130.737     	
1           -68.3576    	-79.9377    	130.889     	
1           -68.2185    	-80.8661    	131.234     	
1           -68.2707    	-81.8515    	131.072     	
1           -68.834     	-82.5688    	130.662     	
1           -69.2844    	-83.0396    	129.903     	
1           -70.1525    	-83.154     	129.42      	
1           -70.8676    	-83.4281    	128.777     	
1           -71.7188    	-83.8962    	128.539     	
1           -72.3947    	-84.4127    	128.014     	
1           -72.8529    	-85.3014    	127.999     	
1           -72.9689    	-86.2459    	128.307     	
1           -72.6625    	-87.1312    	128.657     	
1           -72.3858    	-87.9544    	129.153     	
1           -72.2865    	-88.9144    	129.416     	
1           -71.6615    	-89.4834    	129.95      	
1           -70.6777    	-89.5654    	130.109     	
1           -69.7537    	-89.7888    	130.419     	
1           -69.2803    	-89.3013    	131.152     	
1           -69.1269    	-88.6504    	131.896     	
1           -69.3728    	-87.7056    	132.111     	
1           -69.6917    	-86.7798    	132.316     	
1           -70.1236    	-85.8777    	132.298     	
1           -70.7051    	-85.1234    	131.994     	
1           -71.1437    	-84.4338    	131.418     	
1           -71.8775    	-83.8692    	131.041     	
1           -72.6665    	-83.2985    	130.812     	
1           -73.5084    	-82.8938    	130.454     	
1           -73.933     	-82.4451    	129.668     	
1           -73.9448    	-81.8535    	128.862     	
1           -74.062     	-81.5359    	127.921     	
1           -74.0916    	-81.3157    	126.946     	
1           -73.9572    	-81.1298    	125.973     	
1           -73.6707    	-80.9951    	125.025     	
1           -73.0034    	-81.0604    	124.283     	
1           -72.2645    	-80.9219    	123.624     	
1           -71.5564    	-80.8522    	122.92      	
1           -71.3658    	-80.6691    	121.956     	
1           -70.925     	-80.0302    	121.327     	
1           -70.3503    	-79.2111    	121.332     	
1           -69.9176    	-78.3635    	121.025     	
1           -69.2083    	-77.7376    	120.7       	
1           -68.5792    	-76.9618    	120.655     	
1           -67.7698    	-76.3749    	120.635     	
1           -66.7852    	-76.2044    	120.611     	
1           -65.8756    	-76.0697    	121.005     	
1           -65.2041    	-75.4663    	121.435     	
1           -64.4764    	-74.9925    	121.93      	
1           -64.2204    	-74.0936    	122.287     	
1           -63.9095    	-73.4102    	122.948     	
1           -63.8784    	-73.0511    	123.881     	
1           -63.7289    	-72.7511    	124.822     	
1           -63.7373    	-72.4893    	125.787     	
1           -64.039     	-72.0611    	126.639     	
1           -64.4373    	-71.5899    	127.426     	
1           -64.7696    	-71.6336    	128.369     	
1           -65.3048    	-71.7789    	129.201     	
1           -65.8461    	-72.0586    	129.994     	
1           -66.3672    	-72.1781    	130.839     	
1           -67.0518    	-72.3989    	131.533     	
1           -67.835     	-72.4656    	132.152     	
1           -68.3115    	-72.3036    	133.016     	
1           -69.0564    	-72.2633    	133.682     	
1           -69.787     	-71.9865    	134.306     	
1           -70.2229    	-72.0288    	135.206     	
1           -70.44      	-71.5224    	136.038     	
1           -70.2119    	-71.1114    	136.922     	
1           -69.8766    	-70.4694    	137.611     	
1           -69.4422    	-69.637     	137.955     	
1           -69.2798    	-68.655     	138.047     	
1           -68.8191    	-67.7785    	138.188     	
1           -68.1713    	-67.0296    	138.045     	
1           -67.1994    	-66.9078    	137.844     	
1           -66.2394    	-67.1534    	137.977     	
1           -65.4894    	-66.7586    	138.508     	
1           -64.8684    	-67.2682    	139.104     	
1           -63.9444    	-67.6401    	139.185     	
1           -63.1692    	-68.0733    	138.723     	
1           -62.3956    	-68.1313    	138.093     	
1           -61.4731    	-68.2757    	137.734     	
1           -60.7058    	-68.3638    	137.099     	
1           -59.8528    	-68.2573    	136.589     	
1           -59.3958    	-68.111     	135.712     	
1           -58.7339    	-67.7996    	135.03      	
1           -58.1321    	-67.3768    	134.352     	
1           -57.2172    	-67.3429    	133.949     	
1           -56.4377    	-67.256     	133.33      	
1           -55.6715    	-67.1579    	132.694     	
1           -55.0726    	-67.1585    	131.893     	
1           -54.346     	-66.8559    	131.276     	
1           -53.6767    	-66.9835    	130.544     	
1           -53.1761    	-66.8731    	129.685     	
1           -52.7162    	-67.1021    	128.828     	
1           -52.1761    	-67.5636    	128.124     	
1           -51.2943    	-67.767     	127.699     	
1           -50.6738    	-67.9056    	126.926     	
1           -50.123     	-68.2352    	126.16      	
1           -49.3918    	-68.7459    	125.708     	
1           -48.4957    	-69.0022    	125.345     	
1           -47.5579    	-69.1989    	125.629     	
1           -46.6707    	-69.3149    	126.075     	
1           -45.8062    	-69.5853    	126.5       	
1           -45.0554    	-69.9681    	127.038     	
1           -44.146     	-69.9444    	127.453     	
1           -43.3194    	-69.5394    	127.844     	
1           -42.3825    	-69.3045    	128.1       	
1           -41.4581    	-69.031     	128.371     	
1           -40.4823    	-69.2431    	128.417     	
1           -39.6333    	-69.3516    	128.933     	
1           -38.6432    	-69.4036    	128.797     	
1           -37.7299    	-69.2024    	128.443     	
1           -36.7639    	-68.9722    	128.329     	
1           -35.7733    	-68.8357    	128.323     	
1           -35.0017    	-69.0935    	128.904     	
1           -34.3466    	-69.2421    	129.645     	
1           -33.9392    	-69.0908    	130.545     	
1           -33.3831    	-69.2958    	131.35      	
1           -33.4806    	-69.4363    	132.336     	
1           -33.4422    	-69.7121    	133.296     	
1           -32.7464    	-69.9159    	133.985     	
1           -32.1592    	-69.9469    	134.793     	
1           -31.5354    	-69.3944    	135.347     	
1           -31.4512    	-68.6299    	135.986     	
1           -31.4478    	-67.898     	136.668     	
1           -30.8193    	-67.2437    	137.088     	
1           -30.3652    	-66.4037    	137.385     	
1           -30.227     	-65.4705    	137.717     	
1           -30.2779    	-64.5028    	137.963     	
1           -30.4846    	-63.5837    	138.3       	
1           -30.6465    	-62.6667    	138.664     	
1           -31.0254    	-61.7458    	138.57      	
1           -31.2468    	-60.8108    	138.295     	
1           -31.5028    	-59.8924    	137.991     	
1           -31.3785    	-58.902     	138.054     	
1           -31.2778    	-57.9929    	137.65      	
1           -31.3704    	-57.2296    	137.011     	
1           -31.7947    	-56.4121    	136.622     	
1           -32.699     	-56.0328    	136.426     	
1           -33.1905    	-55.4923    	135.744     	
1           -33.474     	-54.8643    	135.02      	
1           -33.8971    	-54.592     	134.155     	
1           -34.2622    	-54.598     	133.224     	
1           -34.698     	-54.7361    	132.335     	
1           -34.9031    	-54.5687    	131.37      	
1           -34.9209    	-54.2274    	130.431     	
1           -34.5606    	-54.1372    	129.502     	
1           -33.897     	-54.0698    	128.758     	
1           -33.6651    	-54.2432    	127.801     	
1           -33.6783    	-54.6329    	126.879     	
1           -33.0644    	-54.7612    	126.1       	
1           -32.6621    	-55.1787    	125.285     	
1           -31.669     	-55.2755    	125.217     	
1           -31.0243    	-55.6597    	125.877     	
1           -30.2735    	-56.1287    	126.343     	
1           -29.6215    	-56.8203    	126.654     	
1           -29.2366    	-57.744     	126.628     	
1           -28.9187    	-58.6661    	126.41      	
1           -29.2372    	-59.3989    	125.808     	
1           -29.2338    	-60.0646    	125.062     	
1           -28.8768    	-60.7113    	124.389     	
1           -28.552     	-61.5234    	123.903     	
1           -27.7901    	-61.9768    	123.44      	
1           -27.0284    	-61.7164    	122.847     	
1           -26.2544    	-61.6624    	122.216     	
1           -25.9183    	-61.5462    	121.281     	
1           -25.5315    	-61.5829    	120.36      	
1           -25.5042    	-61.3379    	119.391     	
1           -25.5394    	-61.1434    	118.41      	
1           -26.0316    	-61.2405    	117.546     	
1           -26.2733    	-61.3041    	116.577     	
1           -26.6532    	-60.8867    	115.751     	
1           -27.2593    	-60.7665    	114.966     	
1           -28.058     	-60.7766    	114.364     	
1           -28.4766    	-60.4503    	113.516     	
1           -29.0346    	-60.4845    	112.688     	
1           -29.5382    	-60.2871    	111.846     	
1           -30.1605    	-60.475     	111.085     	
1           -30.6084    	-60.9495    	110.328     	
1           -30.8454    	-61.7673    	109.804     	
1           -31.1661    	-62.5167    	109.225     	
1           -31.0645    	-63.4055    	108.779     	
1           -30.7034    	-64.1452    	108.209     	
1           -30.3492    	-65.0185    	107.876     	
1           -30.3873    	-65.8189    	107.278     	
1           -30.3446    	-66.4504    	106.504     	
1           -30.3535    	-67.0026    	105.67      	
1           -30.2914    	-67.2522    	104.704     	
1           -30.1315    	-67.6774    	103.812     	
1           -29.6864    	-68.2294    	103.108     	
1           -29.1456    	-69.0288    	102.848     	
1           -28.3906    	-69.6774    	102.75      	
1           -27.5855    	-70.2241    	102.52      	
1           -26.6602    	-70.1792    	102.143     	
1           -25.7796    	-70.1584    	101.67      	
1           -25.0428    	-69.971     	101.02      	
1           -24.2108    	-70.0157    	100.465     	
1           -23.7396    	-70.0426    	99.5837     	
1           -23.1051    	-69.7821    	98.8575     	
1           -22.6687    	-69.3695    	98.0576     	
1           -22.5773    	-68.6806    	97.338      	
1           -22.5492    	-68.1053    	96.5203     	
1           -22.1162    	-67.3435    	96.038      	
1           -21.4232    	-67.182     	95.3359     	
1           -20.8169    	-67.2492    	94.5436     	
1           -20.3185    	-67.851     	93.9192     	
1           -20.4103    	-68.6527    	93.3295     	
1           -20.6165    	-69.4044    	92.7033     	
1           -20.9723    	-70.3222    	92.525      	
1           -21.636     	-71.0289    	92.7697     	
1           -22.3309    	-71.6114    	92.3475     	
1           -23.1523    	-72.1801    	92.3786     	
1           -23.9461    	-72.7876    	92.422      	
1           -24.8081    	-73.2893    	92.354      	
1           -25.5325    	-73.8648    	91.975      	
1           -26.1558    	-74.4973    	91.5146     	
1           -26.6406    	-75.208     	91.0043     	
1           -27.5585    	-75.5207    	90.7616     	
1           -28.5168    	-75.7057    	90.5433     	
1           -29.1952    	-76.104     	89.9268     	
1           -29.7129    	-76.6537    	89.2711     	
1           -30.4101    	-76.7713    	88.5629     	
1           -31.0038    	-76.6369    	87.7704     	
1           -31.3693    	-76.5719    	86.8413     	
1           -32.0629    	-76.8701    	86.1861     	
1           -32.4589    	-77.495     	85.5128     	
1           -33.2002    	-77.9407    	85.0118     	
1           -33.4799    	-78.6388    	84.3526     	
1           -33.7682    	-79.3727    	83.7377     	
1           -33.5991    	-80.3561    	83.8013     	
1           -33.1276    	-81.2371    	83.8463     	
1           -32.2962    	-81.7863    	83.7661     	
1           -31.4693    	-82.3245    	83.9291     	
1           -30.6826    	-82.6987    	84.4211     	
1           -30.075     	-83.239     	85.0033     	
1           -29.1578    	-83.3737    	85.3783     	
1           -28.284     	-83.802     	85.6063     	
1           -27.4044    	-83.8053    	86.0827     	
1           -27.1138    	-83.9317    	87.0309     	
1           -26.5642    	-83.7735    	87.8504     	
1           -26.2849    	-83.3361    	88.7064     	
1           -25.854     	-82.6089    	89.2404     	
1           -25.3131    	-81.8289    	89.5564     	
1           -24.511     	-81.5507    	90.0838     	
1           -23.7107    	-81.2422    	90.5978     	
1           -23.381     	-80.8485    	91.4557     	
1           -22.7338    	-81.0099    	92.2015     	
1           -22.1734    	-81.0396    	93.0291     	
1           -21.875     	-81.0911    	93.9815     	
1           -21.6394    	-81.3101    	94.9288     	
1           -21.4686    	-81.5682    	95.8798     	
1           -21.883     	-82.072     	96.6377     	
1           -21.5852    	-82.7009    	97.3547     	
1           -21.5245    	-83.2738    	98.1724     	
1           -21.4503    	-83.7986    	99.0211     	
1           -21.5158    	-84.0287    	99.9917     	
1           -21.8354    	-84.3037    	100.899     	
1           -22.2775    	-84.4169    	101.788     	
1           -23.2598    	-84.407     	101.973     	
1           -24.19      	-84.0467    	101.902     	
1           -24.9036    	-83.5065    	101.455     	
1           -25.6307    	-82.9536    	101.051     	
1           -25.97      	-82.248     	100.428     	
1           -26.2474    	-81.3401    	100.114     	
1           -26.932     	-80.8681    	99.5582     	
1           -27.8285    	-80.575     	99.2277     	
1           -28.5783    	-80.3316    	98.6105     	
1           -29.2682    	-79.6821    	98.2927     	
1           -29.9555    	-79.0326    	97.9669     	
1           -30.6431    	-78.8934    	97.2545     	
1           -31.628     	-78.7759    	97.3788     	
1           -32.5846    	-78.9147    	97.638      	
1           -33.1345    	-79.0977    	98.4528     	
1           -33.7896    	-79.212     	99.1997     	
1           -34.2311    	-79.114     	100.091     	
1           -34.9619    	-78.9007    	100.739     	
1           -35.7286    	-78.5434    	101.274     	
1           -36.4681    	-78.2444    	101.877     	
1           -36.6616    	-77.4167    	102.405     	
1           -36.9394    	-76.6613    	102.997     	
1           -36.6028    	-75.9319    	103.593     	
1           -36.2831    	-75.3411    	104.333     	
1           -35.8819    	-74.8699    	105.119     	
1           -35.3206    	-74.3615    	105.773     	
1           -34.8924    	-73.7409    	106.429     	
1           -34.3093    	-72.9354    	106.532     	
1           -33.7925    	-72.2642    	106.001     	
1           -33.3164    	-71.4411    	106.312     	
1           -32.8911    	-70.5365    	106.346     	
1           -32.4497    	-69.6451    	106.241     	
1           -31.9771    	-68.7756    	106.38      	
1           -31.7459    	-67.8545    	106.065     	
1           -31.9058    	-66.8683    	106.034     	
1           -32.1692    	-65.9607    	106.362     	
1           -32.2847    	-65.0313    	106.713     	
1           -32.2912    	-64.3839    	107.474     	
1           -32.8601    	-63.8834    	108.126     	
1           -33.6977    	-63.6318    	108.611     	
1           -34.5392    	-63.6245    	109.152     	
1           -35.1749    	-63.7702    	109.91      	
1           -35.4068    	-64.2673    	110.746     	
1           -35.7708    	-64.823     	111.493     	
1           -36.1007    	-65.494     	112.157     	
1           -36.6141    	-65.9178    	112.904     	
1           -36.9726    	-66.2226    	113.786     	
1           -37.4815    	-66.821     	114.405     	
1           -38.0267    	-67.1878    	115.158     	
1           -38.5598    	-67.2983    	115.997     	
1           -39.4462    	-67.5755    	116.368     	
1           -39.9487    	-68.211     	116.955     	
1           -40.0198    	-68.858     	117.715     	
1           -40.0987    	-69.3916    	118.557     	
1           -39.9771    	-70.1559    	119.19      	
1           -39.7873    	-71.1346    	119.12      	
1           -39.3237    	-72.0177    	119.192     	
1           -38.912     	-72.9179    	119.333     	
1           -38.6215    	-73.8082    	119.684     	
1           -38.2747    	-74.7463    	119.722     	
1           -38.14      	-75.7335    	119.804     	
1           -38.1078    	-76.6608    	120.179     	
1           -37.5335    	-77.4698    	120.299     	
1           -37.1503    	-78.333     	120.628     	
1           -36.5874    	-79.0312    	121.07      	
1           -35.9875    	-79.8061    	121.271     	
1           -35.0289    	-80.0769    	121.182     	
1           -34.4245    	-80.8672    	121.283     	
1           -33.8524    	-81.6806    	121.176     	
1           -33.7551    	-82.6535    	121.384     	
1           -34.0035    	-83.5219    	121.813     	
1           -34.7623    	-84.1723    	121.86      	
1           -35.2321    	-85.0544    	121.863     	
1           -36.0829    	-85.5744    	121.946     	
1           -37.0499    	-85.8017    	121.837     	
1           -37.9903    	-85.8222    	122.178     	
1           -38.8583    	-85.7377    	122.667     	
1           -39.7694    	-85.8632    	123.06      	
1           -40.4756    	-85.7803    	123.763     	
1           -40.8562    	-85.4604    	124.631     	
1           -41.1285    	-85.0393    	125.495     	
1           -41.5239    	-84.2136    	125.898     	
1           -42.0547    	-83.7922    	126.633     	
1           -42.3654    	-83.5578    	127.554     	
1           -42.8214    	-83.4709    	128.44      	
1           -43.4041    	-83.2281    	129.216     	
1           -44.0857    	-82.7013    	129.723     	
1           -44.5632    	-81.8548    	129.962     	
1           -45.0979    	-81.0297    	130.142     	
1           -45.5142    	-80.1449    	130.35      	
1           -45.4357    	-79.1583    	130.204     	
1           -45.3483    	-78.166     	130.291     	
1           -45.1809    	-77.3986    	129.672     	
1           -44.8847    	-76.4912    	129.372     	
1           -44.1588    	-75.992     	128.9       	
1           -43.3179    	-75.6875    	128.451     	
1           -42.6726    	-75.2253    	127.844     	
1           -42.4297    	-75.3359    	126.88      	
1           -42.3589    	-75.42      	125.885     	
1           -42.4876    	-75.4233    	124.894     	
1           -42.5405    	-75.8062    	123.971     	
1           -42.6963    	-76.638     	123.44      	
1           -42.5188    	-77.3118    	122.722     	
1           -42.5294    	-78.0105    	122.007     	
1           -42.1574    	-78.5689    	121.265     	
1           -41.858     	-78.7592    	120.33      	
1           -41.1287    	-79.2193    	119.824     	
1           -40.2225    	-79.3127    	119.412     	
1           -39.2774    	-79.0386    	119.233     	
1           -38.5045    	-78.4244    	119.073     	
1           -37.698     	-77.8469    	118.945     	
1           -37.2152    	-76.989     	118.769     	
1           -37.1044    	-76.0241    	119.007     	
1           -36.8005    	-75.232     	119.538     	
1           -36.2496    	-74.6888    	120.171     	
1           -35.8003    	-74.1589    	120.891     	
1           -35.1542    	-73.4963    	121.269     	
1           -34.411     	-72.8656    	121.495     	
1           -33.7206    	-72.1621    	121.659     	
1           -33.0601    	-71.4105    	121.668     	
1           -32.5524    	-70.5528    	121.587     	
1           -32.1608    	-69.6679    	121.841     	
1           -32.0303    	-68.6797    	121.916     	
1           -32.5582    	-67.9275    	122.311     	
1           -32.9533    	-67.1807    	122.846     	
1           -33.6607    	-66.5103    	123.069     	
1           -34.0075    	-65.6382    	123.414     	
1           -34.5073    	-64.9375    	123.923     	
1           -35.0915    	-64.2256    	124.313     	
1           -35.8814    	-64.3004    	124.922     	
1           -36.5833    	-64.1156    	125.609     	
1           -37.3381    	-63.8654    	126.216     	
1           -37.5286    	-63.8224    	127.197     	
1           -37.5239    	-63.9792    	128.185     	
1           -37.5251    	-64.1404    	129.172     	
1           -38.13      	-64.3666    	129.936     	
1           -38.6252    	-64.3145    	130.802     	
1           -39.2861    	-64.3584    	131.552     	
1           -39.6612    	-64.2682    	132.474     	
1           -39.8618    	-64.407     	133.444     	
1           -40.1153    	-64.2064    	134.39      	
1           -40.1505    	-63.5652    	135.156     	
