1000

1           30.2991     	6.31073     	390.477     	
1           30.8171     	7.06505     	390.881     	
1           31.6147     	7.2553      	391.453     	
1           32.4162     	7.68235     	391.874     	
1           33.2408     	8.23091     	392.002     	
1           33.7631     	8.9238      	392.499     	
1           34.2184     	9.79249     	392.699     	
1           34.6981     	10.6498     	392.885     	
1           34.8642     	11.632      	392.969     	
1           34.7603     	12.5663     	393.309     	
1           34.7857     	13.1456     	394.124     	
1           34.3971     	13.8236     	394.748     	
1           33.6682     	14.1939     	395.324     	
1           32.8375     	14.2128     	395.881     	
1           32.4999     	14.3328     	396.814     	
1           32.7176     	14.8272     	397.655     	
1           33.3092     	15.2333     	398.352     	
1           33.2832     	15.8945     	399.102     	
1           33.1985     	16.6982     	399.691     	
1           32.5731     	17.3247     	400.155     	
1           32.3294     	18.2079     	400.557     	
1           32.0806     	19.1726     	400.642     	
1           31.8026     	20.1199     	400.804     	
1           31.8512     	20.9276     	401.391     	
1           31.6249     	21.726      	401.95      	
1           31.5415     	22.6115     	402.407     	
1           31.7698     	23.5664     	402.596     	
1           31.9358     	24.4414     	403.05      	
1           31.6093     	25.2885     	403.468     	
1           31.3265     	26.2121     	403.207     	
1           30.9039     	27.0022     	402.764     	
1           30.4379     	27.6625     	402.174     	
1           30.1275     	28.3158     	401.484     	
1           29.3921     	28.8184     	401.029     	
1           28.4074     	28.6712     	401.128     	
1           27.4193     	28.6314     	401.278     	
1           26.495      	28.7722     	401.629     	
1           25.6799     	28.7296     	402.209     	
1           24.7398     	28.5188     	402.477     	
1           23.8922     	28.0273     	402.674     	
1           23.2285     	27.4251     	403.119     	
1           22.3026     	27.4275     	403.494     	
1           21.3343     	27.4566     	403.243     	
1           20.3899     	27.3989     	402.92      	
1           19.4278     	27.1304     	402.961     	
1           18.4617     	26.8776     	403.026     	
1           17.8999     	26.0719     	402.843     	
1           17.1163     	25.8198     	402.274     	
1           17.0961     	25.077      	401.606     	
1           17.2758     	24.337      	400.958     	
1           16.9728     	23.5197     	400.465     	
1           16.334      	23.2932     	399.73      	
1           15.4485     	23.2131     	399.273     	
1           14.5754     	23.424      	398.832     	
1           13.8485     	23.5797     	398.165     	
1           13.4892     	23.9839     	397.324     	
1           13.2777     	24.446      	396.462     	
1           12.9879     	24.6719     	395.532     	
1           12.544      	25.15       	394.776     	
1           12.4648     	25.7815     	394.003     	
1           13.0777     	26.1316     	393.296     	
1           13.5796     	26.7473     	392.687     	
1           14.2513     	27.1987     	392.1       	
1           14.8733     	27.8664     	391.694     	
1           15.3873     	28.6629     	392.015     	
1           15.5161     	29.6347     	391.82      	
1           16.3209     	30.0815     	392.211     	
1           16.997      	30.6188     	392.714     	
1           17.4628     	31.0396     	393.492     	
1           18.0445     	31.1984     	394.29      	
1           18.6656     	31.4719     	395.025     	
1           19.4014     	31.2155     	395.652     	
1           19.8164     	31.2104     	396.562     	
1           20.4954     	31.19       	397.295     	
1           21.1173     	30.6813     	397.891     	
1           21.8053     	30.336      	398.529     	
1           22.7546     	30.1818     	398.806     	
1           23.7309     	30.3949     	398.843     	
1           24.674      	30.4555     	398.518     	
1           25.5947     	30.1797     	398.242     	
1           26.3553     	30.1487     	397.594     	
1           27.0094     	30.2092     	396.839     	
1           27.5218     	30.6839     	396.123     	
1           28.0027     	31.0853     	395.345     	
1           27.3997     	31.2478     	394.563     	
1           26.7934     	31.729      	393.931     	
1           26.2432     	32.3026     	393.325     	
1           26.0386     	33.1994     	392.93      	
1           26.4318     	34.0704     	392.633     	
1           26.5092     	35.038      	392.395     	
1           26.4592     	36.0104     	392.169     	
1           26.3365     	37.0033     	392.16      	
1           26.6026     	37.9613     	392.263     	
1           26.3912     	38.9369     	392.333     	
1           25.7782     	39.7195     	392.435     	
1           25.4442     	40.5284     	392.92      	
1           25.2438     	41.1042     	393.712     	
1           24.8457     	41.1083     	394.63      	
1           24.5192     	40.7982     	395.523     	
1           23.9229     	40.3229     	396.17      	
1           23.1856     	40.4678     	396.829     	
1           22.932      	40.841      	397.721     	
1           22.6893     	41.0322     	398.673     	
1           23.0584     	41.0573     	399.602     	
1           23.3159     	41.246      	400.549     	
1           23.5151     	41.5185     	401.491     	
1           23.9852     	41.9221     	402.274     	
1           24.1198     	41.9205     	403.266     	
1           24.4472     	41.7234     	404.19      	
1           24.7887     	41.8525     	405.12      	
1           24.7298     	41.2064     	405.883     	
1           24.8366     	40.4487     	406.527     	
1           25.1881     	40.2249     	407.435     	
1           25.7113     	40.1108     	408.28      	
1           26.3037     	40.0218     	409.081     	
1           26.7696     	39.8901     	409.955     	
1           27.4236     	39.6456     	410.671     	
1           27.8565     	39.6244     	411.572     	
1           27.8774     	39.2408     	412.497     	
1           27.8637     	38.6573     	413.308     	
1           27.7751     	38.5835     	414.301     	
1           27.9225     	39.3123     	414.97      	
1           28.3276     	40.0688     	415.484     	
1           29.0144     	40.7947     	415.524     	
1           29.2698     	41.753      	415.655     	
1           29.9129     	42.4824     	415.425     	
1           30.2874     	43.2965     	414.981     	
1           30.5261     	44.2264     	414.7       	
1           30.4135     	45.1697     	414.39      	
1           30.0317     	46.0941     	414.363     	
1           29.3276     	46.7826     	414.542     	
1           28.9455     	47.4104     	415.218     	
1           28.3319     	47.8792     	415.854     	
1           27.5846     	47.9275     	416.517     	
1           26.701      	48.022      	416.976     	
1           25.7324     	48.2666     	417.007     	
1           25.0206     	48.4201     	416.321     	
1           24.2015     	48.6536     	415.797     	
1           23.4828     	48.7249     	415.105     	
1           22.7712     	48.8382     	414.412     	
1           22.0887     	48.9592     	413.692     	
1           21.7962     	48.6447     	412.788     	
1           21.1171     	48.0255     	412.394     	
1           20.5891     	47.3933     	411.827     	
1           20.6344     	46.6485     	411.162     	
1           20.7828     	45.8223     	410.617     	
1           21.0566     	45.3052     	409.806     	
1           21.3068     	45.1772     	408.847     	
1           21.9026     	44.794      	408.141     	
1           22.4259     	44.5196     	407.335     	
1           23.2819     	44.6329     	406.829     	
1           23.8911     	44.9597     	406.107     	
1           24.0837     	45.0367     	405.128     	
1           24.1955     	45.0241     	404.135     	
1           24.6216     	44.5685     	403.352     	
1           25.0301     	44.1168     	402.559     	
1           25.5882     	43.3396     	402.271     	
1           26.4602     	42.8489     	402.296     	
1           27.2813     	42.3126     	402.102     	
1           27.9699     	41.6047     	401.947     	
1           28.8362     	41.1046     	401.919     	
1           29.6562     	40.5409     	401.998     	
1           30.5106     	40.1285     	402.315     	
1           31.1763     	39.78       	402.975     	
1           31.8452     	39.3076     	403.549     	
1           32.4948     	39.042      	404.262     	
1           33.2239     	38.775      	404.891     	
1           33.9291     	38.3189     	405.436     	
1           34.5745     	37.7906     	405.988     	
1           35.3304     	37.2905     	406.409     	
1           36.0265     	36.5965     	406.228     	
1           36.8876     	36.0867     	406.215     	
1           37.5307     	35.339      	406.056     	
1           38.0646     	34.497      	405.974     	
1           38.1839     	33.5095     	405.868     	
1           38.1623     	32.8173     	405.147     	
1           38.2399     	32.1764     	404.384     	
1           37.945      	31.3443     	403.913     	
1           37.5945     	30.4958     	403.519     	
1           37.2126     	29.5981     	403.295     	
1           36.5176     	29.1104     	402.767     	
1           35.7477     	28.4979     	402.59      	
1           35.0414     	27.8451     	402.316     	
1           34.17       	27.909      	401.83      	
1           33.6165     	28.4263     	401.177     	
1           33.4635     	28.9924     	400.366     	
1           33.1589     	29.731      	399.767     	
1           32.3033     	29.6015     	399.266     	
1           31.3533     	29.5246     	398.962     	
1           30.4558     	29.1791     	398.688     	
1           29.9814     	28.6137     	398.013     	
1           29.5296     	27.9458     	397.421     	
1           29.0215     	27.3131     	396.837     	
1           28.5982     	26.5163     	396.404     	
1           28.4377     	25.6796     	395.882     	
1           28.1383     	24.9915     	395.222     	
1           27.6087     	24.3241     	394.697     	
1           26.8674     	23.8224     	395.145     	
1           26.4228     	23.7037     	396.031     	
1           26.0943     	23.9425     	396.946     	
1           25.963      	24.1215     	397.92      	
1           25.8663     	24.5081     	398.838     	
1           25.5681     	24.1764     	399.734     	
1           24.7805     	23.8435     	400.251     	
1           23.8556     	23.8966     	400.628     	
1           22.8657     	23.7763     	400.697     	
1           21.945      	24.1274     	400.864     	
1           21.1647     	24.4991     	400.357     	
1           20.315      	24.861      	399.975     	
1           19.5192     	25.3546     	399.625     	
1           18.7195     	25.7386     	399.163     	
1           18.4158     	26.5719     	398.703     	
1           17.9676     	27.3318     	398.233     	
1           17.38       	27.7222     	397.524     	
1           17.2593     	28.5887     	397.039     	
1           16.6848     	29.3441     	396.723     	
1           16.7049     	30.337      	396.833     	
1           16.9854     	31.154      	397.338     	
1           17.5876     	31.5648     	398.024     	
1           18.1647     	32.1367     	398.608     	
1           18.601      	32.9124     	399.063     	
1           18.5282     	33.7063     	399.665     	
1           18.393      	34.6845     	399.512     	
1           18.2376     	35.6676     	399.615     	
1           17.6679     	36.3024     	400.136     	
1           16.9289     	36.909      	400.431     	
1           16.291      	37.5259     	400.892     	
1           15.55       	38.1957     	400.871     	
1           15.2883     	39.1597     	400.921     	
1           15.1562     	40.091      	401.264     	
1           14.9513     	41.0653     	401.177     	
1           15.2337     	41.914      	400.729     	
1           15.4813     	42.8782     	400.638     	
1           15.4585     	43.8786     	400.613     	
1           16.0626     	44.6723     	400.545     	
1           16.7714     	45.3748     	400.493     	
1           17.4612     	46.0974     	400.439     	
1           17.9181     	46.958      	400.217     	
1           18.7597     	47.1841     	399.726     	
1           19.6072     	47.6584     	399.489     	
1           20.4649     	48.0731     	399.182     	
1           21.2526     	48.517      	398.756     	
1           21.8679     	49.2358     	398.433     	
1           22.2597     	50.1231     	398.19      	
1           22.9238     	50.8326     	397.955     	
1           23.5983     	51.4866     	398.299     	
1           24.4261     	52.0259     	398.46      	
1           25.123      	52.2372     	399.143     	
1           25.9447     	52.4536     	399.671     	
1           26.5902     	52.9366     	400.264     	
1           26.9587     	53.6593     	400.848     	
1           27.6051     	54.2116     	401.372     	
1           28.4059     	54.5641     	401.858     	
1           29.0587     	55.0233     	402.462     	
1           29.8785     	55.2016     	403.004     	
1           30.8191     	55.421      	403.263     	
1           31.803      	55.2687     	403.354     	
1           32.5886     	55.0252     	403.926     	
1           33.468      	55.0526     	404.399     	
1           34.0074     	54.6972     	405.163     	
1           34.3539     	53.9189     	405.687     	
1           33.9087     	53.1942     	406.212     	
1           33.3401     	52.5301     	406.698     	
1           32.626      	51.9045     	407.013     	
1           32.124      	51.0409     	407.002     	
1           31.6169     	50.1799     	407.019     	
1           30.874      	49.6727     	406.578     	
1           30.0277     	49.154      	406.464     	
1           29.4092     	48.4662     	406.084     	
1           29.011      	47.7325     	405.533     	
1           28.5764     	46.8573     	405.321     	
1           27.8902     	46.1418     	405.452     	
1           27.3673     	45.3365     	405.73      	
1           27.0965     	44.6328     	406.389     	
1           27.1388     	43.9429     	407.112     	
1           26.7007     	43.8104     	408         	
1           26.5591     	43.8742     	408.988     	
1           26.4562     	44.158      	409.942     	
1           25.8313     	44.6445     	410.55      	
1           25.4893     	45.1063     	411.369     	
1           25.2827     	44.8948     	412.323     	
1           25.3845     	44.5082     	413.242     	
1           25.177      	44.1692     	414.159     	
1           25.0176     	43.6588     	415.004     	
1           24.7223     	43.3589     	415.911     	
1           24.0385     	43.3183     	416.639     	
1           23.2456     	43.0703     	417.196     	
1           22.5424     	42.5348     	417.666     	
1           21.7249     	42.1921     	418.126     	
1           20.998      	41.5211     	418.27      	
1           20.117      	41.2285     	418.643     	
1           19.2579     	40.8745     	419.013     	
1           18.2737     	40.9376     	418.844     	
1           17.2913     	41.075      	418.721     	
1           16.4684     	41.173      	418.162     	
1           15.5398     	41.316      	417.818     	
1           14.6858     	41.4734     	417.323     	
1           13.8388     	41.7818     	416.89      	
1           13.176      	42.3795     	416.438     	
1           12.313      	42.8073     	416.172     	
1           11.5434     	43.359      	415.849     	
1           10.6742     	43.8421     	415.749     	
1           9.77144     	44.2311     	415.569     	
1           9.13343     	44.9157     	415.211     	
1           8.6493      	45.737      	414.914     	
1           8.2247      	46.3765     	414.274     	
1           7.72458     	46.5968     	413.436     	
1           7.05463     	47.3254     	413.298     	
1           6.63321     	48.2275     	413.41      	
1           6.20862     	49.1227     	413.284     	
1           6.11403     	50.0848     	413.029     	
1           5.66876     	50.9743     	412.919     	
1           5.02401     	51.7382     	412.896     	
1           4.79946     	52.7125     	412.89      	
1           4.56722     	53.6741     	412.742     	
1           3.6896      	54.1507     	412.722     	
1           2.84454     	54.5406     	412.353     	
1           2.26993     	55.2481     	411.945     	
1           1.38431     	55.6045     	411.647     	
1           0.422568    	55.8775     	411.607     	
1           -0.47149    	56.3208     	411.673     	
1           -1.42975    	56.5577     	411.504     	
1           -2.11356    	57.2716     	411.357     	
1           -2.15007    	58.1263     	411.877     	
1           -2.65245    	58.6907     	412.529     	
1           -2.60696    	59.4811     	413.142     	
1           -2.42356    	60.0458     	413.946     	
1           -2.05115    	60.8632     	414.383     	
1           -1.60757    	61.3938     	415.107     	
1           -1.50941    	62.1947     	415.698     	
1           -1.50397    	63.1393     	416.028     	
1           -1.72679    	63.9398     	416.582     	
1           -1.71818    	64.47       	417.429     	
1           -1.88701    	65.2746     	417.999     	
1           -1.91637    	66.1451     	418.491     	
1           -2.04436    	66.8546     	419.185     	
1           -1.9393     	67.3854     	420.025     	
1           -1.9455     	67.7611     	420.953     	
1           -1.51478    	68.4674     	421.515     	
1           -0.797727   	68.861      	422.088     	
1           -0.475214   	69.5124     	422.774     	
1           0.0562066   	70.3533     	422.884     	
1           0.41651     	71.2817     	422.978     	
1           0.672905    	72.2102     	422.707     	
1           1.04938     	73.1028     	422.46      	
1           1.29322     	73.9225     	421.943     	
1           0.834662    	74.0173     	421.06      	
1           0.767734    	73.6673     	420.125     	
1           1.11331     	73.3232     	419.252     	
1           1.48335     	72.918      	418.417     	
1           1.40203     	72.2776     	417.651     	
1           0.726061    	71.8258     	417.071     	
1           -0.0591497  	71.2491     	417.301     	
1           -0.713577   	70.8136     	417.919     	
1           -1.13613    	70.5152     	418.774     	
1           -1.22093    	69.7193     	419.372     	
1           -0.529084   	69.3172     	419.975     	
1           -0.00612937 	68.871      	420.7       	
1           0.654351    	68.3497     	421.242     	
1           1.21192     	67.5541     	421.473     	
1           1.20668     	66.7494     	422.068     	
1           1.412       	66.4925     	423.011     	
1           1.76077     	66.3128     	423.931     	
1           2.39791     	65.8754     	424.565     	
1           2.41546     	65.327      	425.402     	
1           2.29601     	64.9817     	426.332     	
1           2.22486     	64.8608     	427.323     	
1           2.23858     	65.1148     	428.29      	
1           2.06623     	65.8364     	428.96      	
1           2.05792     	66.3756     	429.803     	
1           1.85623     	67.2041     	430.326     	
1           1.13456     	67.8861     	430.448     	
1           0.727359    	68.7487     	430.742     	
1           -0.170157   	69.1747     	430.869     	
1           -1.09908    	69.4475     	431.118     	
1           -2.07614    	69.5271     	431.316     	
1           -3.05931    	69.5585     	431.492     	
1           -4.02809    	69.5544     	431.739     	
1           -4.93021    	69.9776     	431.824     	
1           -5.79644    	70.4765     	431.87      	
1           -6.74377    	70.6314     	432.146     	
1           -7.74078    	70.6666     	432.23      	
1           -8.40406    	71.322      	432.591     	
1           -9.36629    	71.5117     	432.786     	
1           -10.1791    	71.3814     	433.353     	
1           -10.7237    	70.9885     	434.095     	
1           -11.2711    	70.3047     	434.576     	
1           -12.0353    	69.8217     	435.005     	
1           -12.8749    	69.2793     	435.023     	
1           -13.558     	68.5774     	434.821     	
1           -14.0963    	67.7637     	434.602     	
1           -14.6937    	67.2247     	434.008     	
1           -15.6813    	67.0749     	433.961     	
1           -16.5994    	66.6862     	434.039     	
1           -17.5524    	66.5127     	433.791     	
1           -18.5321    	66.396      	433.628     	
1           -19.1092    	66.2451     	432.825     	
1           -19.5952    	66.0077     	431.984     	
1           -20.084     	65.6291     	431.198     	
1           -20.454     	65.242      	430.354     	
1           -20.4382    	64.5214     	429.661     	
1           -19.8961    	63.9093     	429.085     	
1           -19.0797    	63.5075     	428.67      	
1           -18.4545    	62.9855     	428.09      	
1           -17.7137    	62.5279     	427.598     	
1           -16.8579    	62.1252     	427.273     	
1           -15.8941    	62.1304     	427.007     	
1           -15.0216    	61.7299     	426.727     	
1           -14.1543    	61.2355     	426.785     	
1           -13.2735    	60.7815     	426.65      	
1           -12.7158    	59.9555     	426.569     	
1           -11.969     	59.3278     	426.789     	
1           -11.0158    	59.0552     	426.919     	
1           -10.1431    	58.5764     	426.823     	
1           -9.30002    	58.0401     	426.864     	
1           -8.41698    	57.6197     	427.072     	
1           -7.61113    	57.0435     	426.936     	
1           -6.9707     	56.4289     	426.475     	
1           -6.11151    	56.3324     	425.973     	
1           -5.42599    	55.8599     	425.419     	
1           -5.15718    	55.231      	424.69      	
1           -4.74006    	54.7592     	423.913     	
1           -4.65954    	53.9509     	423.33      	
1           -4.53386    	53.0137     	423.004     	
1           -4.21695    	52.1188     	422.69      	
1           -3.78026    	51.2193     	422.68      	
1           -3.40799    	50.2921     	422.722     	
1           -2.97784    	49.5079     	423.169     	
1           -2.56834    	49.6342     	424.073     	
1           -2.24587    	50.0369     	424.929     	
1           -1.78759    	50.3577     	425.758     	
1           -1.1583     	50.8275     	426.377     	
1           -0.319981   	50.9344     	426.912     	
1           0.50439     	50.9666     	427.477     	
1           1.31723     	50.7714     	428.026     	
1           2.28315     	50.7062     	428.276     	
1           3.25944     	50.7707     	428.483     	
1           4.05786     	50.9622     	429.054     	
1           4.60815     	51.1969     	429.855     	
1           5.14597     	51.9603     	430.213     	
1           5.22557     	52.9097     	430.517     	
1           5.55198     	53.8052     	430.819     	
1           5.48195     	54.7812     	431.025     	
1           4.78329     	55.4688     	431.223     	
1           4.05603     	56.155      	431.206     	
1           3.25613     	56.7469     	431.304     	
1           2.47123     	57.3655     	431.341     	
1           1.48975     	57.5573     	431.339     	
1           0.654537    	58.0942     	431.458     	
1           0.211266    	58.7078     	432.111     	
1           -0.262157   	59.5028     	431.732     	
1           -0.810019   	60.2014     	431.272     	
1           -1.23933    	61.091      	431.116     	
1           -1.58932    	61.9541     	431.48      	
1           -1.92773    	62.7462     	431.988     	
1           -2.78064    	63.2659     	431.937     	
1           -3.5622     	63.8869     	431.877     	
1           -4.46139    	64.301      	431.736     	
1           -5.25639    	64.4132     	431.14      	
1           -6.00209    	64.7052     	430.541     	
1           -6.65392    	64.9514     	429.824     	
1           -7.12779    	65.6151     	429.245     	
1           -7.68534    	65.7072     	428.42      	
1           -8.2257     	66.2296     	427.761     	
1           -8.78244    	66.8942     	427.262     	
1           -9.17534    	67.3155     	426.445     	
1           -8.8484     	67.9108     	425.711     	
1           -8.4298     	68.5674     	425.084     	
1           -8.23097    	69.1194     	424.274     	
1           -8.2061     	69.7624     	423.508     	
1           -8.57119    	70.3844     	422.816     	
1           -8.72263    	70.8443     	421.941     	
1           -9.52234    	70.8536     	421.34      	
1           -10.3783    	70.5098     	420.954     	
1           -11.2963    	70.3528     	420.59      	
1           -12.2796    	70.1733     	420.616     	
1           -12.8397    	70.5306     	421.364     	
1           -12.9441    	71.3708     	421.896     	
1           -13.1391    	72.3459     	421.79      	
1           -13.1704    	73.3421     	421.709     	
1           -13.4416    	74.2223     	422.099     	
1           -13.973     	75.0621     	422.21      	
1           -14.3583    	75.9799     	422.305     	
1           -14.4295    	76.9071     	422.673     	
1           -14.348     	77.8484     	423.001     	
1           -14.5415    	78.8208     	423.131     	
1           -14.7873    	79.6967     	422.716     	
1           -14.9022    	80.309      	421.934     	
1           -15.1101    	81.0233     	421.266     	
1           -15.2277    	81.6143     	420.468     	
1           -15.6981    	82.1719     	419.784     	
1           -15.9229    	82.6465     	418.933     	
1           -16.3598    	83.2198     	418.239     	
1           -16.487     	83.8192     	417.449     	
1           -16.0494    	84.501      	416.863     	
1           -15.3602    	84.8627     	416.235     	
1           -15.002     	85.5427     	415.595     	
1           -15.0976    	85.9563     	414.69      	
1           -14.9449    	86.3094     	413.767     	
1           -14.9346    	86.7266     	412.858     	
1           -15.157     	87.5699     	412.369     	
1           -15.19      	88.0067     	411.47      	
1           -15.5262    	87.682      	410.586     	
1           -15.8202    	87.2304     	409.744     	
1           -15.8968    	86.5856     	408.983     	
1           -15.8177    	86.3256     	408.021     	
1           -15.8838    	86.0012     	407.077     	
1           -16.3794    	85.7279     	406.253     	
1           -16.6321    	84.9255     	405.712     	
1           -16.6951    	84.3682     	404.884     	
1           -16.696     	84.4551     	403.888     	
1           -16.1961    	84.6624     	403.047     	
1           -16.0054    	84.8498     	402.083     	
1           -15.66      	85.5172     	401.424     	
1           -15.334     	85.6804     	400.492     	
1           -15.0094    	85.765      	399.55      	
1           -15.1233    	85.9193     	398.569     	
1           -15.4271    	86.2885     	397.691     	
1           -15.3408    	86.765      	396.816     	
1           -15.3002    	86.9751     	395.839     	
1           -15.1303    	87.0302     	394.855     	
1           -15.2513    	87.2514     	393.887     	
1           -15.1863    	86.7185     	393.043     	
1           -15.4525    	86.0833     	392.318     	
1           -15.9723    	85.3797     	391.834     	
1           -16.8782    	85.1505     	391.478     	
1           -17.7532    	84.977      	391.026     	
1           -18.728     	85.0331     	391.242     	
1           -19.6401    	84.816      	391.59      	
1           -20.5256    	84.392      	391.779     	
1           -21.4468    	84.0059     	391.828     	
1           -22.1074    	83.8829     	392.569     	
1           -22.3473    	83.2335     	393.291     	
1           -22.67      	82.6761     	394.055     	
1           -23.1483    	81.887      	394.441     	
1           -23.5442    	81.0301     	394.772     	
1           -24.1707    	80.3476     	395.148     	
1           -24.3999    	79.4601     	395.547     	
1           -24.8697    	78.7064     	396.007     	
1           -25.3241    	78.2193     	396.753     	
1           -25.1476    	77.3293     	397.173     	
1           -25.1242    	76.4939     	397.722     	
1           -24.9431    	75.5857     	398.1       	
1           -24.7959    	74.8081     	398.711     	
1           -24.9051    	73.8164     	398.779     	
1           -24.9389    	72.8811     	399.132     	
1           -24.7881    	72.0243     	399.625     	
1           -24.4995    	71.1836     	400.083     	
1           -24.501     	70.3069     	399.602     	
1           -24.8816    	69.6827     	398.92      	
1           -24.9155    	69.0218     	398.17      	
1           -24.8541    	68.2539     	397.532     	
1           -24.4819    	67.3722     	397.242     	
1           -24.4109    	66.3875     	397.401     	
1           -23.8271    	65.5947     	397.576     	
1           -23.4013    	64.6985     	397.7       	
1           -23.8365    	64.0749     	398.349     	
1           -24.5899    	63.9909     	399.002     	
1           -25.1009    	63.4492     	399.669     	
1           -25.8273    	63.1807     	400.302     	
1           -26.5141    	63.1831     	401.029     	
1           -27.3587    	63.4985     	401.461     	
1           -28.2509    	63.59       	401.904     	
1           -29.1184    	63.8973     	402.295     	
1           -29.8868    	64.5222     	402.433     	
1           -30.5209    	65.2953     	402.44      	
1           -31.2687    	65.8863     	402.743     	
1           -31.4575    	66.6642     	403.343     	
1           -31.9326    	67.1838     	404.053     	
1           -32.5561    	67.6381     	404.689     	
1           -33.2645    	67.8116     	405.373     	
1           -33.7669    	67.514      	406.185     	
1           -34.3569    	67.675      	406.976     	
1           -34.8939    	67.7468     	407.817     	
1           -35.4196    	68.1532     	408.564     	
1           -35.927     	68.6678     	409.255     	
1           -36.5802    	69.3503     	409.583     	
1           -37.0871    	70.1071     	409.996     	
1           -37.3044    	70.4952     	410.891     	
1           -37.2089    	71.0235     	411.735     	
1           -37.4859    	71.5075     	412.565     	
1           -38.0103    	71.8519     	413.344     	
1           -38.8499    	72.3857     	413.445     	
1           -39.6826    	72.9327     	413.53      	
1           -40.5982    	73.2427     	413.786     	
1           -41.5516    	73.1268     	413.507     	
1           -42.4586    	73.1526     	413.086     	
1           -43.0064    	73.2533     	412.256     	
1           -43.3864    	73.4783     	411.359     	
1           -43.2164    	73.4475     	410.374     	
1           -42.9727    	73.4626     	409.404     	
1           -42.4716    	73.4924     	408.539     	
1           -41.8428    	73.4153     	407.765     	
1           -41.0906    	73.0392     	407.224     	
1           -40.3888    	72.4003     	406.909     	
1           -39.5465    	72.0025     	406.545     	
1           -38.881     	71.3642     	406.159     	
1           -38.4653    	70.6115     	405.648     	
1           -37.9654    	69.8478     	405.24      	
1           -37.3787    	69.1485     	404.831     	
1           -37.0493    	68.205      	404.868     	
1           -36.7148    	67.5846     	405.577     	
1           -36.1453    	67.0182     	406.173     	
1           -35.2912    	66.6349     	406.524     	
1           -34.7064    	66.24       	407.233     	
1           -34.3499    	65.4442     	407.723     	
1           -33.9978    	64.5233     	407.888     	
1           -33.4516    	63.6924     	407.994     	
1           -33.1095    	62.7682     	408.169     	
1           -33.0367    	62.067      	408.878     	
1           -33.0833    	61.3959     	409.616     	
1           -32.9904    	60.4011     	409.679     	
1           -33.4046    	59.4933     	409.743     	
1           -33.4397    	58.4946     	409.787     	
1           -33.6249    	57.5364     	410.004     	
1           -33.9269    	56.6098     	409.782     	
1           -34.6031    	55.8732     	409.823     	
1           -35.4866    	55.4061     	409.819     	
1           -36.0773    	54.8267     	410.382     	
1           -36.4626    	53.9709     	410.723     	
1           -36.408     	53.2726     	411.439     	
1           -36.6011    	52.8555     	412.327     	
1           -36.4935    	52.5354     	413.269     	
1           -36.0914    	52.468      	414.181     	
1           -35.1384    	52.3692     	414.467     	
1           -34.2857    	51.9175     	414.728     	
1           -33.4624    	51.3767     	414.9       	
1           -32.4822    	51.225      	415.024     	
1           -31.4928    	51.3721     	414.99      	
1           -30.5805    	51.0869     	415.284     	
1           -29.8486    	50.5361     	415.684     	
1           -29.0695    	50.1495     	416.18      	
1           -28.5453    	49.717      	416.912     	
1           -27.8987    	49.7818     	417.672     	
1           -27.4147    	49.9128     	418.537     	
1           -27.1236    	49.5567     	419.425     	
1           -26.7278    	49.2765     	420.299     	
1           -26.4699    	48.9612     	421.214     	
1           -26.1517    	48.2112     	421.791     	
1           -25.6311    	47.7186     	422.489     	
1           -24.7646    	47.3054     	422.77      	
1           -23.8805    	47.1069     	423.194     	
1           -23.2894    	46.7121     	423.898     	
1           -22.8284    	46.463      	424.749     	
1           -22.0629    	46.5464     	425.388     	
1           -21.0897    	46.4591     	425.599     	
1           -20.3616    	46.507      	426.283     	
1           -19.7871    	46.5983     	427.096     	
1           -19.2039    	47.1126     	427.723     	
1           -18.691     	47.4156     	428.528     	
1           -18.1382    	47.4329     	429.361     	
1           -17.7348    	47.4213     	430.276     	
1           -17.7528    	47.7771     	431.21      	
1           -17.9402    	47.9054     	432.184     	
1           -17.826     	48.3483     	433.074     	
1           -17.1553    	48.3924     	433.814     	
1           -16.6656    	48.8454     	434.559     	
1           -16.2197    	49.2259     	435.368     	
1           -16.0752    	49.2797     	436.356     	
1           -15.7556    	49.1137     	437.291     	
1           -15.5759    	48.9062     	438.251     	
1           -15.2036    	48.8969     	439.18      	
1           -14.4257    	48.3057     	439.387     	
1           -13.5951    	47.9004     	439.772     	
1           -12.7501    	47.5764     	440.195     	
1           -11.7588    	47.6778     	440.285     	
1           -10.8134    	47.7707     	439.975     	
1           -9.88925    	48.0832     	439.75      	
1           -8.90553    	48.087      	439.573     	
1           -8.14901    	47.7145     	439.035     	
1           -7.40019    	47.3258     	438.501     	
1           -6.70464    	47.289      	437.782     	
1           -6.12089    	47.1929     	436.976     	
1           -5.22534    	47.2394     	436.531     	
1           -4.28133    	47.3372     	436.222     	
1           -3.3343     	47.4596     	435.921     	
1           -2.4096     	47.1627     	435.685     	
1           -1.6485     	46.6265     	435.32      	
1           -0.865796   	46.1593     	434.907     	
1           0.0880028   	46.2008     	435.203     	
1           0.959581    	46.365      	435.665     	
1           1.92864     	46.245      	435.878     	
1           2.70191     	45.7615     	436.29      	
1           3.64899     	45.4518     	436.357     	
1           4.53804     	45.1872     	436.732     	
1           5.30161     	44.9215     	437.322     	
1           5.84468     	44.8889     	438.162     	
1           6.21026     	45.0286     	439.081     	
1           6.66184     	45.4596     	439.863     	
1           7.35088     	46.0799     	440.237     	
1           7.80148     	46.4665     	441.043     	
1           8.0514      	46.8659     	441.924     	
1           7.86013     	47.0905     	442.88      	
1           7.546       	47.2266     	443.819     	
1           8.08698     	47.7197     	444.5       	
1           8.88499     	48.2349     	444.811     	
1           9.81889     	48.4542     	445.097     	
1           10.7042     	48.2728     	445.525     	
1           11.4461     	48.6267     	446.094     	
1           12.3996     	48.927      	446.124     	
1           13.2329     	49.3918     	446.422     	
1           13.7903     	50.2079     	446.567     	
1           14.4601     	50.9443     	446.462     	
1           15.3139     	51.2236     	446.023     	
1           15.8581     	51.4877     	445.227     	
1           16.5418     	51.4361     	444.498     	
1           17.1021     	51.694      	443.712     	
1           18.0296     	51.7184     	443.339     	
1           18.6908     	51.6231     	442.593     	
1           19.4525     	51.5758     	441.948     	
1           19.8235     	52.1141     	441.19      	
1           19.9738     	52.6777     	440.38      	
1           20.5603     	52.6621     	439.57      	
1           21.2337     	52.7643     	438.836     	
1           22.0682     	52.9978     	438.338     	
1           22.4567     	53.1544     	437.43      	
1           22.6789     	53.7636     	436.669     	
1           23.0056     	54.1141     	435.791     	
1           23.5997     	54.3823     	435.032     	
1           23.8394     	54.4361     	434.064     	
1           24.086      	53.9682     	433.215     	
1           24.1551     	54.025      	432.219     	
1           24.1326     	53.6571     	431.29      	
1           24.4852     	53.4194     	430.383     	
1           24.5936     	52.677      	429.722     	
1           24.654      	52.111      	428.901     	
1           24.5159     	51.3479     	428.269     	
1           24.416      	50.6397     	427.57      	
1           24.043      	49.8421     	427.097     	
1           23.6144     	49.1268     	426.544     	
1           23.1537     	48.7918     	425.722     	
1           22.8198     	48.5375     	424.815     	
1           22.1851     	48.4236     	424.051     	
1           21.8608     	48.7839     	423.176     	
1           21.4996     	49.1904     	422.337     	
1           21.0894     	50.0592     	422.061     	
1           21.4824     	50.8847     	421.655     	
1           21.6516     	51.1562     	420.707     	
1           21.4548     	51.9774     	420.172     	
1           21.8426     	52.736      	419.65      	
1           22.2932     	53.6111     	419.469     	
1           22.9672     	54.336      	419.608     	
1           23.4692     	55.195      	419.715     	
1           23.9993     	56.0349     	419.597     	
1           24.1429     	56.8733     	419.072     	
1           24.1379     	57.8319     	418.786     	
1           24.0566     	58.7715     	418.452     	
1           24.118      	59.7322     	418.183     	
1           23.9601     	60.7038     	418.012     	
1           24.0676     	61.6963     	418.085     	
1           23.9322     	62.6767     	417.941     	
1           24.2962     	63.5235     	418.326     	
1           24.1937     	64.4996     	418.522     	
1           23.8947     	65.3663     	418.919     	
1           24.0688     	66.2452     	419.363     	
1           24.746      	66.7392     	419.908     	
1           25.1987     	67.1832     	420.683     	
1           26.0029     	67.2387     	421.274     	
1           26.5777     	67.5105     	422.045     	
1           26.7525     	67.5294     	423.03      	
1           27.1544     	67.2249     	423.893     	
1           27.4003     	67.1651     	424.861     	
1           27.594      	67.3245     	425.829     	
1           27.7777     	67.5921     	426.775     	
1           28.3427     	67.1134     	427.447     	
1           29.0338     	66.7874     	428.092     	
1           29.3574     	66.906      	429.03      	
1           29.5058     	66.729      	430.003     	
1           29.1989     	66.4217     	430.905     	
1           28.4417     	66.1151     	431.482     	
1           27.7223     	65.9179     	432.149     	
1           26.9706     	65.4434     	432.603     	
1           26.4236     	64.621      	432.447     	
1           26.0547     	63.7957     	432.019     	
1           25.7048     	62.9573     	431.601     	
1           25.4059     	62.6221     	430.707     	
1           25.6536     	62.5909     	429.738     	
1           26.1286     	62.4591     	428.868     	
1           26.4215     	62.2579     	427.933     	
1           26.7849     	62.15       	427.009     	
1           27.3826     	62.0933     	426.209     	
1           27.3933     	61.8611     	425.236     	
1           27.7093     	61.9836     	424.295     	
1           27.8544     	62.3915     	423.394     	
1           27.8319     	63.0183     	422.616     	
1           27.5133     	63.2019     	421.685     	
1           26.9257     	63.2864     	420.881     	
1           26.1127     	63.3697     	420.304     	
1           25.2311     	63.6176     	419.901     	
1           24.28       	63.9247     	419.932     	
1           23.5121     	64.1416     	420.533     	
1           22.8258     	63.9667     	421.238     	
1           22.2995     	63.4018     	421.874     	
1           22.0935     	62.6619     	422.515     	
1           21.3666     	62.3262     	423.114     	
1           20.5519     	61.8247     	423.406     	
1           19.8376     	61.485      	424.019     	
1           18.9596     	61.1243     	424.332     	
1           18.0006     	60.982      	424.572     	
1           17.1105     	60.9976     	425.027     	
1           16.2108     	60.7962     	425.419     	
1           15.2882     	60.6278     	425.764     	
1           14.3551     	60.3736     	426.022     	
1           13.4152     	60.0384     	426.087     	
1           12.8796     	59.196      	426.15      	
1           12.3362     	58.431      	426.493     	
1           11.9178     	57.6014     	426.861     	
1           11.2944     	56.8231     	426.789     	
1           10.5918     	56.1129     	426.852     	
1           9.81107     	55.4895     	426.805     	
1           9.23732     	54.9516     	427.423     	
1           8.65861     	54.368      	427.99      	
1           7.80578     	54.3248     	428.513     	
1           6.89022     	53.9702     	428.698     	
1           5.93804     	53.6882     	428.586     	
1           4.98752     	53.4529     	428.378     	
1           4.00402     	53.4328     	428.555     	
1           3.11692     	53.4877     	429.013     	
1           2.18007     	53.4204     	429.356     	
1           1.31394     	53.139      	429.769     	
1           0.400845    	53.3362     	430.127     	
1           -0.588894   	53.4394     	430.232     	
1           -1.52323    	53.6665     	430.504     	
1           -1.71084    	54.3158     	431.243     	
1           -2.20006    	54.7644     	431.989     	
1           -2.01998    	54.8851     	432.965     	
1           -1.65478    	54.6666     	433.869     	
1           -1.68197    	54.4082     	434.836     	
1           -1.40167    	54.0246     	435.716     	
1           -1.23175    	53.9338     	436.697     	
1           -1.18857    	53.1821     	437.355     	
1           -0.826612   	52.7732     	438.191     	
1           -0.0762733  	52.4549     	438.772     	
1           0.707043    	51.972      	439.166     	
1           1.42334     	51.4173     	439.588     	
1           2.03155     	50.6929     	439.916     	
1           2.77046     	50.0856     	440.205     	
1           3.71248     	49.9077     	440.49      	
1           4.62522     	49.5224     	440.355     	
1           5.46722     	49.1033     	440.694     	
1           6.34613     	48.6396     	440.807     	
1           7.07872     	48.2003     	440.288     	
1           7.67242     	47.5448     	439.821     	
1           8.25113     	47.0804     	439.15      	
1           8.71258     	46.7086     	438.345     	
1           9.02895     	46.2093     	437.54      	
1           9.58189     	45.4995     	437.1       	
1           10.0129     	44.5991     	437.154     	
1           10.4883     	43.7309     	437.287     	
1           11.224      	43.0582     	437.381     	
1           12.1015     	42.7193     	437.722     	
1           12.7371     	42.8545     	438.482     	
1           13.558      	42.5238     	438.947     	
1           14.3647     	42.2479     	439.467     	
1           15.3333     	42.0339     	439.607     	
1           15.9964     	41.2953     	439.486     	
1           16.7145     	40.6226     	439.307     	
1           17.2294     	39.7686     	439.244     	
1           17.9107     	39.0467     	439.128     	
1           18.437      	38.2467     	439.42      	
1           19.1482     	37.5441     	439.458     	
1           19.905      	36.8921     	439.44      	
1           20.8151     	36.496      	439.561     	
1           21.7182     	36.1351     	439.326     	
1           22.7089     	36.0118     	439.377     	
1           23.6448     	36.2427     	439.641     	
1           24.5064     	36.6987     	439.414     	
1           25.238      	36.9843     	438.795     	
1           26.069      	37.0718     	438.248     	
1           26.9401     	37.5067     	438.018     	
1           27.6943     	38.0598     	437.664     	
1           28.2895     	38.798      	437.345     	
1           28.4848     	39.7701     	437.211     	
1           28.1278     	40.7024     	437.168     	
1           27.7825     	41.434      	437.754     	
1           27.6157     	42.1649     	438.417     	
1           27.5382     	42.9482     	439.034     	
1           27.3525     	43.5037     	439.844     	
1           27.375      	43.7661     	440.809     	
1           27.552      	44.3519     	441.6       	
1           27.5985     	44.8656     	442.457     	
1           27.6186     	45.2729     	443.369     	
1           27.8857     	45.5288     	444.299     	
1           28.4775     	45.9507     	444.986     	
1           28.9772     	46.6538     	445.492     	
1           29.4335     	47.4031     	445.97      	
1           29.6018     	48.3185     	446.337     	
1           29.6906     	49.27       	446.042     	
1           29.7733     	50.0118     	445.376     	
1           29.9011     	50.5343     	444.533     	
1           30.2756     	50.7367     	443.629     	
1           30.7677     	51.0063     	442.8       	
1           31.5024     	50.9106     	442.129     	
1           32.0573     	50.8806     	441.297     	
1           32.4032     	50.6462     	440.389     	
1           32.8952     	50.5683     	439.522     	
1           33.7426     	50.4169     	439.014     	
1           34.6231     	49.9664     	438.869     	
1           35.1629     	49.2261     	439.272     	
1           35.5137     	48.5658     	439.936     	
1           36.2342     	47.9539     	440.26      	
1           36.5275     	47.4297     	441.06      	
1           36.4244     	47.3077     	442.047     	
1           36.2659     	47.3607     	443.032     	
1           36.2188     	47.7682     	443.944     	
1           36.4113     	48.2668     	444.791     	
1           36.4699     	48.8295     	445.615     	
1           36.8461     	49.1156     	446.496     	
1           37.2448     	50.0101     	446.699     	
1           37.0205     	50.9466     	446.434     	
1           36.3883     	51.7216     	446.472     	
1           35.5179     	52.2011     	446.36      	
1           34.6807     	52.5532     	446.779     	
1           33.8965     	52.5346     	447.398     	
1           33.1889     	52.6846     	448.09      	
1           32.4755     	52.533      	448.775     	
1           32.2142     	52.6383     	449.733     	
1           31.858      	53.2619     	450.431     	
1           31.3303     	54.0112     	450.83      	
1           30.8756     	54.9016     	450.804     	
1           30.2154     	55.5932     	450.515     	
1           29.6229     	56.1309     	451.115     	
1           28.974      	56.482      	451.79      	
1           28.2399     	56.9972     	452.232     	
1           27.63       	57.693      	452.612     	
1           26.9935     	58.4438     	452.79      	
1           25.997      	58.3878     	452.849     	
1           25.1427     	57.9116     	452.638     	
1           24.1738     	57.6803     	452.718     	
1           23.3458     	57.1394     	452.869     	
1           22.5595     	56.5855     	453.143     	
1           21.819      	56.5283     	453.813     	
1           21.037      	56.0133     	454.163     	
1           20.4762     	55.1851     	454.167     	
1           20.1451     	54.259      	454.346     	
1           19.6873     	53.6081     	454.953     	
1           19.2291     	53.0255     	455.624     	
1           18.6006     	52.8732     	456.387     	
1           18.3044     	52.1909     	457.053     	
1           18.1984     	51.2416     	457.351     	
1           18.322      	50.2497     	457.397     	
1           18.6407     	49.3046     	457.468     	
1           18.6357     	48.4917     	456.888     	
1           18.5593     	47.8601     	456.115     	
1           18.187      	47.7763     	455.192     	
1           18.0715     	48.0022     	454.224     	
1           17.7616     	48.2005     	453.293     	
1           17.1848     	48.3062     	452.484     	
1           16.5484     	47.9622     	451.792     	
1           15.8702     	47.9481     	451.057     	
1           15.5306     	47.6127     	450.179     	
1           15.1712     	47.7645     	449.259     	
1           14.8957     	47.8997     	448.308     	
1           14.8314     	47.9944     	447.314     	
1           14.9566     	47.8177     	446.338     	
1           15.0643     	47.3757     	445.447     	
1           14.8393     	47.1093     	444.509     	
1           14.6374     	46.3166     	443.934     	
1           14.4947     	46.0451     	442.982     	
1           14.7639     	45.9489     	442.025     	
1           15.2429     	45.5051     	441.267     	
1           15.3927     	44.6723     	440.734     	
1           15.6789     	43.9772     	440.075     	
1           15.757      	43.5001     	439.2       	
1           15.789      	43.0268     	438.319     	
1           15.7604     	42.6831     	437.381     	
1           15.9632     	42.0433     	436.641     	
1           15.8453     	41.3017     	435.979     	
1           15.449      	40.3901     	435.864     	
1           14.9344     	39.5336     	435.887     	
1           14.2744     	38.7834     	435.916     	
1           13.6616     	38.1345     	435.464     	
1           13.0907     	37.5329     	434.906     	
1           12.4171     	36.834      	434.665     	
1           11.772      	36.1921     	434.25      	
1           11.3968     	35.827      	433.398     	
1           11.3466     	35.6292     	432.42      	
1           11.3202     	35.8258     	431.439     	
1           10.9629     	35.8007     	430.506     	
1           10.1763     	36.328      	430.185     	
1           9.44702     	36.8485     	429.741     	
1           8.56357     	37.3122     	429.674     	
1           7.5785      	37.4882     	429.696     	
1           6.58942     	37.3473     	429.697     	
1           5.76496     	36.8138     	429.89      	
1           4.90423     	36.4261     	429.562     	
1           4.04467     	36.0583     	429.208     	
1           3.2149      	35.5549     	429.45      	
1           2.22283     	35.4356     	429.478     	
1           1.27873     	35.6206     	429.75      	
1           0.302307    	35.8365     	429.778     	
1           -0.68895    	35.8394     	429.639     	
1           -1.52845    	35.6957     	429.116     	
1           -2.26028    	35.2438     	428.606     	
1           -2.95225    	35.3093     	427.888     	
1           -3.55421    	35.6478     	427.164     	
1           -3.97862    	35.8509     	426.281     	
1           -4.67557    	35.9877     	425.578     	
1           -5.33586    	35.7597     	424.862     	
1           -5.33087    	35.959      	423.882     	
