1000

1           -138        	57.1974     	72.3179     	
1           -138.189    	58.0687     	72.7702     	
1           -138.355    	57.3642     	73.4608     	
1           -138.412    	56.7903     	74.278      	
1           -138.459    	56.5048     	75.2348     	
1           -138.327    	56.4645     	76.2249     	
1           -138.53     	56.6429     	77.1882     	
1           -138.781    	56.6456     	78.1561     	
1           -138.586    	56.3195     	79.0815     	
1           -138.813    	55.8611     	79.9405     	
1           -138.752    	55.2646     	80.7408     	
1           -139.122    	54.9899     	81.6284     	
1           -139.33     	54.6296     	82.5381     	
1           -139.28     	54.4252     	83.5156     	
1           -139.675    	54.3251     	84.4291     	
1           -139.904    	54.397      	85.3997     	
1           -140.085    	54.6136     	86.3592     	
1           -140.093    	54.9468     	87.3025     	
1           -139.878    	55.5595     	88.0626     	
1           -139.63     	56.376      	88.5833     	
1           -139.221    	57.1783     	89.019      	
1           -138.446    	57.7281     	89.3303     	
1           -137.98     	58.519      	89.7274     	
1           -137.767    	58.9731     	90.5919     	
1           -137.32     	58.973      	91.4868     	
1           -136.756    	59.0351     	92.3106     	
1           -136.115    	59.1256     	93.0725     	
1           -135.489    	59.2215     	93.846      	
1           -134.808    	59.2064     	94.5783     	
1           -134.242    	58.8568     	95.3254     	
1           -133.501    	58.4827     	95.8821     	
1           -133.051    	58.4775     	96.775      	
1           -132.359    	58.3933     	97.4923     	
1           -131.905    	58.3056     	98.3787     	
1           -131.439    	58.5012     	99.2413     	
1           -131.164    	58.7169     	100.178     	
1           -131.545    	58.2004     	100.945     	
1           -131.935    	57.6812     	101.706     	
1           -131.842    	56.7501     	102.057     	
1           -131.924    	55.7886     	102.319     	
1           -132.213    	54.8441     	102.476     	
1           -132.728    	54.0052     	102.648     	
1           -133.099    	53.5573     	103.462     	
1           -133.642    	53.0529     	104.133     	
1           -133.683    	52.089      	104.397     	
1           -133.14     	51.5462     	103.756     	
1           -132.61     	50.7505     	103.464     	
1           -131.96     	50.4275     	102.776     	
1           -131.37     	50.0346     	102.071     	
1           -130.743    	50.0322     	101.291     	
1           -129.947    	50.0218     	100.685     	
1           -129.072    	50.2996     	100.289     	
1           -128.247    	50.7352     	99.9286     	
1           -127.919    	51.4097     	99.2681     	
1           -127.331    	52.0314     	98.7505     	
1           -126.498    	52.2845     	98.2586     	
1           -125.723    	52.6419     	97.7375     	
1           -125.538    	53.4069     	97.1206     	
1           -124.979    	54.1435     	96.7415     	
1           -125.321    	54.7469     	96.0194     	
1           -125.896    	55.1437     	95.3054     	
1           -126.248    	55.4759     	94.43       	
1           -126.882    	55.1098     	93.7498     	
1           -127.658    	54.8667     	93.1676     	
1           -128.299    	54.2316     	92.7354     	
1           -128.955    	53.4831     	92.6411     	
1           -129.383    	52.6167     	92.383      	
1           -129.913    	51.944      	91.8671     	
1           -130.283    	51.0229     	91.99       	
1           -131.079    	50.4265     	92.0899     	
1           -132.066    	50.2852     	92.1736     	
1           -132.932    	50.4595     	91.7043     	
1           -133.778    	50.4536     	91.1711     	
1           -134.773    	50.4084     	91.0882     	
1           -135.371    	50.8344     	90.4096     	
1           -135.778    	51.5825     	89.8855     	
1           -136.383    	52.3418     	89.6448     	
1           -136.345    	53.2881     	89.9665     	
1           -136.388    	54.2509     	90.2333     	
1           -136.805    	55.0583     	90.6527     	
1           -137.128    	55.8839     	91.1142     	
1           -137.951    	56.3932     	91.3693     	
1           -138.524    	57.0274     	91.8875     	
1           -138.955    	57.8126     	92.3318     	
1           -139.132    	58.7948     	92.3956     	
1           -139.306    	59.7546     	92.6166     	
1           -139.497    	60.591      	93.1296     	
1           -139.469    	61.4966     	93.5526     	
1           -140.107    	62.231      	93.7868     	
1           -140.351    	63.0774     	94.2597     	
1           -140.687    	63.9466     	94.6228     	
1           -141.095    	64.8305     	94.851      	
1           -141.099    	65.7289     	95.2884     	
1           -141.334    	66.4273     	95.9657     	
1           -141.898    	66.6095     	96.7715     	
1           -142.383    	67.2        	97.4153     	
1           -142.861    	68.0783     	97.4022     	
1           -143.541    	68.7811     	97.6195     	
1           -144.04     	69.2649     	98.3367     	
1           -144.397    	69.5449     	99.2287     	
1           -144.761    	69.8459     	100.11      	
1           -145.501    	70.0093     	100.762     	
1           -145.801    	69.8118     	101.695     	
1           -146.002    	69.3173     	102.541     	
1           -146.143    	68.7319     	103.339     	
1           -146.162    	68.0834     	104.1       	
1           -145.709    	67.3149     	104.552     	
1           -145.066    	66.7733     	105.093     	
1           -144.374    	66.2393     	105.579     	
1           -143.601    	65.8811     	106.103     	
1           -142.783    	65.3338     	106.282     	
1           -141.968    	64.7806     	106.112     	
1           -141.503    	63.9866     	105.721     	
1           -141.131    	63.1004     	105.444     	
1           -140.585    	62.2634     	105.465     	
1           -140.078    	61.4041     	105.398     	
1           -139.507    	60.7701     	105.921     	
1           -139.006    	60.4553     	106.727     	
1           -139.274    	60.3824     	107.688     	
1           -139.598    	60.582      	108.612     	
1           -139.565    	60.8632     	109.571     	
1           -139.369    	61.0888     	110.526     	
1           -138.889    	61.4361     	111.332     	
1           -138.3      	61.621      	112.119     	
1           -138.109    	62.1526     	112.943     	
1           -137.606    	62.4776     	113.745     	
1           -137.311    	62.4184     	114.699     	
1           -136.816    	62.5174     	115.562     	
1           -136.169    	62.6567     	116.312     	
1           -135.714    	62.8105     	117.189     	
1           -135.418    	62.4975     	118.092     	
1           -135.249    	62.5455     	119.076     	
1           -135.437    	62.6691     	120.05      	
1           -135.778    	62.836      	120.975     	
1           -135.954    	63.2737     	121.857     	
1           -136.38     	63.3317     	122.759     	
1           -136.652    	63.9665     	123.483     	
1           -136.382    	64.7296     	124.07      	
1           -135.853    	65.3478     	124.652     	
1           -135.334    	65.6612     	125.446     	
1           -134.72     	65.9592     	126.178     	
1           -133.962    	66.4117     	126.647     	
1           -133.276    	67.1337     	126.741     	
1           -132.469    	67.703      	126.578     	
1           -131.656    	68.2793     	126.643     	
1           -131.419    	69.0703     	127.208     	
1           -131.771    	69.9877     	127.396     	
1           -132.118    	70.8576     	127.047     	
1           -132.902    	71.3852     	127.375     	
1           -133.57     	72.0693     	127.083     	
1           -133.934    	72.9687     	126.841     	
1           -133.571    	73.8033     	126.425     	
1           -132.95     	74.4168     	125.938     	
1           -132.173    	74.9468     	125.598     	
1           -131.441    	75.3697     	125.064     	
1           -130.498    	75.5807     	125.32      	
1           -129.682    	75.4845     	125.89      	
1           -128.844    	75.3479     	126.419     	
1           -128.249    	74.6559     	126.829     	
1           -127.686    	73.8314     	126.782     	
1           -127.395    	73.0441     	126.237     	
1           -127.058    	72.2393     	125.75      	
1           -126.196    	71.7503     	125.623     	
1           -125.257    	71.4201     	125.723     	
1           -124.296    	71.2097     	125.909     	
1           -123.308    	71.2914     	125.79      	
1           -122.457    	71.7215     	125.488     	
1           -121.979    	72.2855     	124.813     	
1           -121.789    	72.2692     	123.832     	
1           -122.015    	72.2856     	122.858     	
1           -122.212    	72.1431     	121.888     	
1           -122.347    	71.7501     	120.979     	
1           -122.84     	71.436      	120.168     	
1           -123.682    	71.2723     	119.651     	
1           -124.393    	71.1437     	118.961     	
1           -125.251    	70.8759     	118.523     	
1           -126.149    	70.5498     	118.226     	
1           -127.126    	70.3588     	118.318     	
1           -128.055    	70.0443     	118.514     	
1           -128.978    	70.3063     	118.231     	
1           -129.931    	70.3365     	117.934     	
1           -130.669    	71.006      	117.838     	
1           -131.255    	71.8151     	117.883     	
1           -131.655    	72.4863     	118.506     	
1           -132.157    	73.2124     	118.977     	
1           -133.034    	73.6865     	118.902     	
1           -133.859    	74.2375     	118.776     	
1           -134.507    	74.9437     	118.494     	
1           -135.368    	75.3589     	118.198     	
1           -136.201    	75.8599     	117.964     	
1           -136.97     	76.3579     	117.562     	
1           -137.738    	76.7499     	117.055     	
1           -138.322    	76.9696     	116.274     	
1           -138.793    	77.0803     	115.398     	
1           -139.295    	77.3712     	114.584     	
1           -139.963    	78.0668     	114.32      	
1           -140.384    	78.9063     	113.977     	
1           -140.75     	79.8275     	113.839     	
1           -141.233    	80.6913     	113.977     	
1           -141.681    	81.4366     	114.471     	
1           -141.827    	82.4076     	114.659     	
1           -141.947    	83.3988     	114.725     	
1           -142.338    	84.2272     	115.125     	
1           -142.863    	85.0419     	115.375     	
1           -143.569    	85.6423     	115.75      	
1           -144.4      	85.5945     	116.304     	
1           -145        	85.4731     	117.095     	
1           -145.694    	85.1954     	117.76      	
1           -146.36     	84.9355     	118.459     	
1           -147.279    	84.5439     	118.517     	
1           -148.257    	84.3727     	118.407     	
1           -149.093    	83.9096     	118.114     	
1           -150.037    	83.6303     	118.289     	
1           -150.962    	83.4203     	118.605     	
1           -151.773    	83.0163     	119.03      	
1           -152.673    	82.5894     	119.124     	
1           -153.629    	82.4177     	118.889     	
1           -154.537    	82.0979     	118.619     	
1           -155.318    	81.4739     	118.646     	
1           -156.288    	81.2431     	118.564     	
1           -157.238    	80.94       	118.619     	
1           -158.117    	81.0529     	118.154     	
1           -158.827    	80.9824     	117.454     	
1           -159.445    	80.3734     	116.956     	
1           -159.875    	79.6013     	116.489     	
1           -160.654    	78.9914     	116.342     	
1           -161.263    	78.2396     	116.089     	
1           -161.676    	77.3715     	115.814     	
1           -162.141    	76.5517     	116.148     	
1           -162.205    	75.7631     	116.76      	
1           -162.471    	74.8991     	117.187     	
1           -162.992    	74.1136     	117.524     	
1           -163.533    	73.2813     	117.639     	
1           -163.278    	72.4057     	118.051     	
1           -162.789    	71.7573     	118.634     	
1           -162.444    	71.0719     	119.275     	
1           -162.274    	70.5027     	120.08      	
1           -162.202    	70.0688     	120.978     	
1           -161.846    	69.6375     	121.807     	
1           -161.343    	69.5845     	122.669     	
1           -160.736    	69.5876     	123.464     	
1           -159.995    	69.9261     	124.044     	
1           -159.088    	70.3436     	124.003     	
1           -158.094    	70.4172     	123.919     	
1           -157.1      	70.5136     	123.859     	
1           -156.102    	70.5084     	123.795     	
1           -155.147    	70.2127     	123.816     	
1           -154.313    	69.6776     	123.685     	
1           -153.337    	69.5302     	123.518     	
1           -152.342    	69.468      	123.435     	
1           -151.495    	69.4523     	122.905     	
1           -150.739    	69.2332     	122.288     	
1           -150.415    	68.3448     	121.964     	
1           -150.125    	67.3893     	121.899     	
1           -149.989    	66.4474     	121.594     	
1           -149.367    	65.9705     	120.973     	
1           -148.825    	65.2377     	120.561     	
1           -148.515    	64.3732     	120.164     	
1           -148.134    	63.6635     	119.572     	
1           -147.912    	63.4192     	118.629     	
1           -147.38     	63.3339     	117.786     	
1           -146.814    	63.0937     	116.997     	
1           -145.976    	62.8619     	116.503     	
1           -145.175    	62.4514     	116.068     	
1           -144.483    	61.7345     	115.989     	
1           -144.104    	60.8989     	116.387     	
1           -143.761    	60.3543     	117.153     	
1           -143.693    	60.0157     	118.091     	
1           -143.449    	59.6608     	118.993     	
1           -143.147    	59.6155     	119.946     	
1           -143.061    	59.9291     	120.891     	
1           -142.703    	59.9723     	121.824     	
1           -142.071    	59.4878     	122.428     	
1           -141.348    	59.4507     	123.119     	
1           -140.599    	59.2531     	123.752     	
1           -139.943    	58.6889     	124.253     	
1           -139.512    	58.0685     	124.909     	
1           -138.833    	57.8232     	125.6       	
1           -137.982    	57.5271     	126.033     	
1           -137.091    	57.0742     	125.988     	
1           -136.192    	56.7524     	125.692     	
1           -135.532    	56.2718     	125.114     	
1           -135.198    	55.804      	124.296     	
1           -135.351    	55.7198     	123.311     	
1           -135.415    	55.7633     	122.314     	
1           -135.965    	55.6617     	121.485     	
1           -136.304    	56.1225     	120.665     	
1           -136.109    	56.7084     	119.878     	
1           -136.1      	56.6328     	118.882     	
1           -136.047    	56.6223     	117.883     	
1           -136.691    	56.658      	117.119     	
1           -137.218    	57.0589     	116.369     	
1           -137.741    	57.2038     	115.529     	
1           -138.435    	57.3089     	114.817     	
1           -139.239    	57.0736     	114.271     	
1           -140.093    	56.9328     	113.769     	
1           -140.841    	56.5838     	113.205     	
1           -140.983    	55.9038     	112.486     	
1           -141.404    	55.0899     	112.085     	
1           -142.134    	54.4087     	112.051     	
1           -142.777    	53.6658     	111.861     	
1           -142.939    	52.6894     	111.718     	
1           -143.466    	51.8422     	111.654     	
1           -143.935    	50.9587     	111.624     	
1           -144.564    	50.2267     	111.882     	
1           -144.73     	49.253      	112.038     	
1           -145.081    	48.372      	112.356     	
1           -144.697    	47.8335     	113.105     	
1           -143.811    	47.497      	113.428     	
1           -142.898    	47.568      	113.827     	
1           -141.981    	47.9688     	113.837     	
1           -141.044    	48.3124     	113.895     	
1           -140.246    	48.7419     	114.317     	
1           -139.389    	48.9705     	114.778     	
1           -138.473    	49.2156     	115.097     	
1           -137.64     	49.1931     	115.649     	
1           -136.698    	49.4613     	115.856     	
1           -135.87     	50.018      	115.808     	
1           -135.329    	50.776      	115.442     	
1           -134.393    	51.0021     	115.17      	
1           -133.504    	51.4148     	114.973     	
1           -132.74     	51.7726     	114.436     	
1           -132.355    	52.4841     	113.848     	
1           -132.361    	53.1544     	113.106     	
1           -132.592    	53.9141     	112.498     	
1           -133.279    	54.4769     	112.038     	
1           -134.246    	54.61       	112.253     	
1           -135.236    	54.4708     	112.231     	
1           -136.036    	54.0837     	111.772     	
1           -137.004    	54.0106     	111.532     	
1           -137.791    	53.4323     	111.747     	
1           -138.542    	52.8065     	111.539     	
1           -139.248    	52.1644     	111.837     	
1           -139.803    	51.929      	112.635     	
1           -140.212    	52.6547     	113.189     	
1           -140.614    	53.3058     	113.833     	
1           -140.988    	54.0429     	114.395     	
1           -141.515    	54.8936     	114.402     	
1           -142.308    	55.4212     	114.099     	
1           -142.953    	55.8927     	113.498     	
1           -143.504    	56.4437     	112.871     	
1           -143.724    	57.2488     	112.321     	
1           -143.639    	58.1444     	111.884     	
1           -143.73     	58.7871     	111.123     	
1           -143.797    	59.7019     	110.725     	
1           -143.759    	60.6615     	110.447     	
1           -143.657    	61.6505     	110.34      	
1           -144.085    	62.5498     	110.249     	
1           -144.36     	63.4855     	110.03      	
1           -144.872    	64.2292     	109.6       	
1           -145.566    	64.355      	108.891     	
1           -146.199    	64.5002     	108.131     	
1           -146.363    	64.8322     	107.202     	
1           -146.582    	65.623      	106.629     	
1           -146.732    	66.5676     	106.338     	
1           -147.016    	67.4933     	106.089     	
1           -147.445    	68.2359     	105.574     	
1           -148.076    	68.8471     	105.095     	
1           -149.06     	69.0104     	105.157     	
1           -149.772    	69.7102     	105.108     	
1           -150.609    	70.2352     	105.266     	
1           -150.713    	71.2053     	105.045     	
1           -150.967    	72.1617     	104.907     	
1           -150.699    	73.1049     	104.71      	
1           -150.539    	74.0685     	104.495     	
1           -150.465    	75.0597     	104.603     	
1           -150.416    	76.0349     	104.819     	
1           -150.607    	76.9164     	105.252     	
1           -151.151    	77.5395     	105.814     	
1           -151.483    	78.3128     	106.354     	
1           -151.71     	79.2581     	106.589     	
1           -152.454    	79.759      	107.031     	
1           -153.205    	80.2577     	107.462     	
1           -154.057    	80.7826     	107.45      	
1           -154.924    	81.2733     	107.534     	
1           -155.861    	81.4834     	107.255     	
1           -156.341    	82.0728     	106.605     	
1           -156.551    	82.4287     	105.695     	
1           -157.389    	82.5066     	105.156     	
1           -158.151    	82.3633     	104.523     	
1           -159.102    	82.4653     	104.232     	
1           -159.972    	82.3        	103.767     	
1           -160.904    	81.956      	103.648     	
1           -161.9      	82.0265     	103.62      	
1           -162.814    	82.2438     	103.275     	
1           -163.786    	82.3827     	103.467     	
1           -164.748    	82.5661     	103.268     	
1           -165.663    	82.6762     	102.879     	
1           -166.126    	82.3527     	102.054     	
1           -166.413    	82.038      	101.149     	
1           -166.848    	81.6256     	100.349     	
1           -167.319    	80.7655     	100.153     	
1           -167.377    	79.776      	100.285     	
1           -167.574    	78.7985     	100.361     	
1           -167.811    	77.8285     	100.415     	
1           -168.461    	77.0737     	100.505     	
1           -169.133    	76.3888     	100.785     	
1           -169.476    	75.6828     	101.405     	
1           -169.361    	74.8631     	101.966     	
1           -169.698    	74.0757     	102.482     	
1           -169.902    	73.1052     	102.611     	
1           -170.277    	72.2108     	102.855     	
1           -170.891    	71.85       	103.557     	
1           -171.369    	71.2713     	104.218     	
1           -171.226    	70.4056     	104.697     	
1           -170.733    	69.6166     	105.063     	
1           -170.098    	69.0201     	105.554     	
1           -169.427    	68.5429     	106.122     	
1           -168.625    	68.1991     	106.61      	
1           -167.707    	67.8238     	106.738     	
1           -166.907    	67.2406     	106.88      	
1           -166.04     	66.7473     	106.813     	
1           -165.104    	66.3972     	106.855     	
1           -164.118    	66.2299     	106.863     	
1           -163.252    	65.8954     	107.235     	
1           -162.36     	65.4673     	107.381     	
1           -161.528    	65.1774     	107.854     	
1           -160.53     	65.2387     	107.859     	
1           -159.54     	65.3712     	107.901     	
1           -158.571    	65.2461     	107.687     	
1           -157.802    	65.6855     	107.223     	
1           -156.885    	65.9774     	107.497     	
1           -156.029    	66.4315     	107.252     	
1           -155.374    	67.16       	107.455     	
1           -154.662    	67.8292     	107.669     	
1           -154.076    	68.6209     	107.838     	
1           -153.982    	69.6066     	107.698     	
1           -154.031    	70.5807     	107.477     	
1           -153.955    	71.5654     	107.321     	
1           -153.711    	72.3571     	106.761     	
1           -154.062    	72.9342     	106.024     	
1           -153.942    	73.4325     	105.165     	
1           -154.355    	74.2613     	104.788     	
1           -154.492    	75.2518     	104.804     	
1           -154.472    	76.2463     	104.702     	
1           -154.327    	76.8107     	103.889     	
1           -153.707    	77.1942     	103.204     	
1           -153.366    	77.5815     	102.348     	
1           -153.047    	78.3031     	101.734     	
1           -152.371    	78.5155     	101.028     	
1           -151.546    	78.4599     	100.465     	
1           -150.832    	78.7771     	99.8415     	
1           -150.181    	79.0965     	99.1523     	
1           -149.362    	79.4675     	98.7148     	
1           -148.466    	79.7752     	98.3948     	
1           -147.498    	79.9672     	98.2325     	
1           -146.57     	80.0789     	98.5869     	
1           -145.753    	80.3778     	99.0805     	
1           -144.977    	80.7395     	99.5976     	
1           -144.201    	80.2965     	100.045     	
1           -143.613    	79.5781     	100.417     	
1           -142.93     	78.8476     	100.436     	
1           -142.055    	78.3701     	100.363     	
1           -141.325    	77.6925     	100.27      	
1           -140.82     	76.8451     	100.433     	
1           -140.341    	76.3214     	101.138     	
1           -139.919    	75.5408     	101.599     	
1           -139.587    	74.665      	101.95      	
1           -139.062    	73.8227     	101.826     	
1           -138.527    	73.08       	101.424     	
1           -138.107    	72.2388     	101.084     	
1           -137.615    	71.3685     	101.068     	
1           -137.245    	70.4995     	100.739     	
1           -136.39     	69.983      	100.78      	
1           -135.471    	69.6403     	100.974     	
1           -134.702    	69.0022     	100.938     	
1           -133.933    	68.386      	101.109     	
1           -133.945    	67.6152     	101.746     	
1           -133.907    	67.4238     	102.726     	
1           -133.645    	67.3873     	103.691     	
1           -133.137    	67.7228     	104.484     	
1           -132.821    	68.5303     	104.982     	
1           -132.522    	69.4665     	105.167     	
1           -132.05     	70.3023     	104.887     	
1           -131.595    	70.8582     	104.192     	
1           -131.064    	71.3111     	103.475     	
1           -130.931    	72.0067     	102.769     	
1           -130.985    	72.3011     	101.815     	
1           -130.822    	72.2641     	100.829     	
1           -130.547    	72.0689     	99.8878     	
1           -130.068    	72.3714     	99.064      	
1           -129.79     	72.2962     	98.1063     	
1           -129.595    	72.4444     	97.1367     	
1           -129.592    	72.1055     	96.1959     	
1           -129.955    	71.659      	95.3779     	
1           -130.498    	71.3698     	94.5896     	
1           -131.117    	70.875      	93.9799     	
1           -131.909    	70.5606     	93.4567     	
1           -132.778    	70.3245     	93.0213     	
1           -133.194    	70.0431     	92.1566     	
1           -133.3      	70.0964     	91.1637     	
1           -133.579    	70.2141     	90.2107     	
1           -134.135    	69.9821     	89.4126     	
1           -134.367    	69.6633     	88.4935     	
1           -134.181    	68.9933     	87.7748     	
1           -133.94     	68.1821     	87.2417     	
1           -133.93     	67.6076     	86.4233     	
1           -133.418    	67.2181     	85.658      	
1           -133.056    	67.2691     	84.7271     	
1           -132.298    	66.7739     	84.3021     	
1           -131.389    	66.4517     	84.0376     	
1           -130.617    	66.0269     	83.5646     	
1           -130.261    	65.1129     	83.7584     	
1           -130.076    	64.2613     	84.2491     	
1           -130.05     	63.3025     	84.532      	
1           -129.795    	62.7275     	85.3093     	
1           -129.864    	62.0327     	86.0251     	
1           -130.04     	61.3819     	86.7637     	
1           -130.373    	61.143      	87.676      	
1           -130.735    	60.8237     	88.5514     	
1           -130.685    	60.7706     	89.5488     	
1           -131.281    	60.8652     	90.3462     	
1           -132.055    	61.3015     	90.8057     	
1           -132.168    	62.0077     	91.5047     	
1           -132.352    	62.8841     	91.9497     	
1           -132.602    	63.519      	92.6809     	
1           -133.267    	64.0566     	93.1993     	
1           -133.663    	64.7334     	93.82       	
1           -134.147    	64.8705     	94.684      	
1           -134.781    	64.919      	95.4556     	
1           -135.534    	64.5865     	96.0239     	
1           -136.385    	64.225      	96.4043     	
1           -137.126    	63.8046     	96.9278     	
1           -138.026    	63.7747     	97.364      	
1           -138.874    	63.6618     	97.8815     	
1           -139.835    	63.4329     	98.039      	
1           -140.535    	63.3129     	98.7421     	
1           -141.116    	63.4428     	99.546      	
1           -141.892    	63.7275     	100.109     	
1           -142.737    	63.9184     	100.607     	
1           -143.56     	64.0915     	101.15      	
1           -144.427    	64.1887     	101.637     	
1           -145.318    	64.3449     	102.065     	
1           -146.21     	64.1189     	102.455     	
1           -147.085    	63.6633     	102.618     	
1           -147.931    	63.2737     	102.982     	
1           -148.758    	62.9725     	103.457     	
1           -149.551    	62.3798     	103.599     	
1           -150.497    	62.2995     	103.911     	
1           -151.437    	62.1747     	104.229     	
1           -152.325    	62.5959     	104.417     	
1           -153.051    	63.14       	103.997     	
1           -153.389    	64.0072     	103.631     	
1           -154.075    	64.7343     	103.608     	
1           -154.84     	65.3779     	103.582     	
1           -155.398    	66.1826     	103.783     	
1           -155.641    	67.0916     	104.122     	
1           -155.38     	67.9629     	104.537     	
1           -155.008    	68.6704     	105.138     	
1           -154.908    	69.4029     	105.812     	
1           -155.376    	69.9205     	106.528     	
1           -155.807    	70.7116     	106.962     	
1           -156.013    	71.3417     	107.711     	
1           -156.034    	72.0649     	108.401     	
1           -156.456    	72.8759     	108.806     	
1           -157.2      	73.4285     	109.182     	
1           -157.68     	74.11       	109.735     	
1           -158.115    	74.778      	110.339     	
1           -158.375    	75.232      	111.191     	
1           -158.485    	75.7296     	112.051     	
1           -158.221    	76.0524     	112.96      	
1           -157.87     	76.4798     	113.793     	
1           -157.41     	76.5729     	114.676     	
1           -157.038    	76.6281     	115.603     	
1           -157.056    	76.7291     	116.597     	
1           -157.347    	76.5631     	117.54      	
1           -157.212    	76.9582     	118.448     	
1           -157.153    	77.3094     	119.383     	
1           -157.511    	77.1029     	120.293     	
1           -157.766    	77.2407     	121.25      	
1           -158.308    	77.4353     	122.068     	
1           -159.103    	77.5572     	122.661     	
1           -159.888    	77.8551     	123.205     	
1           -160.66     	77.8244     	123.84      	
1           -161.584    	77.6284     	124.168     	
1           -162.427    	77.8926     	123.699     	
1           -163.276    	78.2507     	123.312     	
1           -164.038    	78.8632     	123.102     	
1           -164.603    	79.4723     	122.545     	
1           -165.313    	80.0195     	122.102     	
1           -165.916    	80.6983     	121.683     	
1           -166.504    	81.0903     	122.391     	
1           -167.467    	81.3458     	122.476     	
1           -168.293    	81.8503     	122.226     	
1           -168.434    	82.8001     	121.946     	
1           -168.69     	83.7353     	121.702     	
1           -169.386    	84.4513     	121.757     	
1           -169.939    	85.2808     	121.835     	
1           -170.671    	85.9571     	121.754     	
1           -170.965    	86.4615     	120.942     	
1           -171.152    	86.5877     	119.968     	
1           -171.271    	87.078      	119.104     	
1           -170.967    	87.2398     	118.165     	
1           -170.955    	87.6864     	117.271     	
1           -170.582    	88.3814     	116.656     	
1           -170.085    	88.6209     	115.822     	
1           -169.53     	88.8785     	115.031     	
1           -169.024    	89.2542     	114.255     	
1           -168.495    	89.5239     	113.451     	
1           -168.424    	89.5488     	112.453     	
1           -167.991    	89.893      	111.62      	
1           -168.006    	90.3701     	110.741     	
1           -168.213    	90.6003     	109.79      	
1           -168.216    	90.9653     	108.859     	
1           -167.916    	91.456      	108.041     	
1           -167.713    	91.8031     	107.125     	
1           -166.93     	91.9022     	106.512     	
1           -166.238    	92.2844     	105.899     	
1           -165.583    	92.3064     	105.144     	
1           -165.467    	92.5588     	104.183     	
1           -165.304    	93.1142     	103.369     	
1           -164.851    	93.4287     	102.534     	
1           -164.639    	93.9569     	101.712     	
1           -164.474    	94.4348     	100.849     	
1           -163.724    	94.9055     	100.384     	
1           -163.135    	95.4969     	99.8334     	
1           -162.727    	96.3906     	100.02      	
1           -162.658    	97.3833     	99.9207     	
1           -162.404    	98.2889     	100.26      	
1           -161.98     	99.1887     	100.357     	
1           -161.96     	100.188     	100.312     	
1           -162.366    	101.037     	99.9737     	
1           -163.048    	101.744     	99.7892     	
1           -163.661    	102.505     	99.5744     	
1           -164.553    	102.895     	99.8041     	
1           -165.434    	102.666     	99.3909     	
1           -166.398    	102.408     	99.4456     	
1           -167.164    	101.831     	99.7316     	
1           -167.71     	100.993     	99.7093     	
1           -168.087    	100.099     	99.4683     	
1           -168.345    	99.2553     	98.9976     	
1           -168.707    	98.3619     	98.7319     	
1           -169.087    	97.5466     	98.2948     	
1           -169.2      	96.8749     	97.5631     	
1           -169.08     	96.5939     	96.6107     	
1           -168.853    	96.4425     	95.6488     	
1           -168.676    	96.2496     	94.6842     	
1           -168.196    	96.0939     	93.8197     	
1           -167.907    	95.7275     	92.9361     	
1           -167.661    	95.4868     	91.9975     	
1           -167.508    	95.5944     	91.0145     	
1           -167.713    	95.7524     	90.0487     	
1           -167.567    	95.9938     	89.0891     	
1           -167.101    	96.1919     	88.2268     	
1           -166.56     	96.3177     	87.3955     	
1           -166.119    	96.2549     	86.5007     	
1           -165.303    	96.5991     	86.0354     	
1           -164.31     	96.719      	86.0699     	
1           -163.414    	97.1597     	86.0339     	
1           -162.492    	97.4099     	86.3307     	
1           -161.622    	97.9007     	86.274      	
1           -161.031    	98.5731     	85.8284     	
1           -160.374    	99.1642     	85.3623     	
1           -160.071    	99.9568     	84.833      	
1           -159.384    	100.678     	84.743      	
1           -158.559    	101.13      	84.4045     	
1           -157.757    	101.728     	84.3576     	
1           -156.87     	102.187     	84.3134     	
1           -155.916    	102.451     	84.4536     	
1           -154.925    	102.315     	84.4617     	
1           -153.942    	102.45      	84.3415     	
1           -153.511    	103.305     	84.6298     	
1           -152.827    	104.033     	84.5981     	
1           -152.239    	104.838     	84.69       	
1           -151.931    	105.783     	84.7904     	
1           -152.084    	106.759     	84.6277     	
1           -152.037    	107.739     	84.4411     	
1           -151.767    	108.698     	84.3444     	
1           -151.199    	109.518     	84.4018     	
1           -150.73     	110.398     	84.4803     	
1           -150.763    	111.332     	84.8346     	
1           -150.459    	112.217     	85.1871     	
1           -149.917    	112.932     	85.6303     	
1           -149.719    	113.621     	86.3269     	
1           -149.639    	114.368     	86.9875     	
1           -149.218    	115.051     	87.5854     	
1           -148.326    	115.335     	87.9374     	
1           -147.521    	115.609     	88.4612     	
1           -146.583    	115.923     	88.6152     	
1           -145.717    	116.181     	88.1882     	
1           -144.964    	116.093     	87.5358     	
1           -144.202    	116.236     	86.9041     	
1           -143.471    	116.581     	86.3167     	
1           -142.865    	116.921     	85.5967     	
1           -141.92     	117.168     	85.3831     	
1           -141.179    	116.624     	84.989      	
1           -140.384    	116.253     	84.5094     	
1           -139.514    	115.907     	84.158      	
1           -138.561    	115.652     	83.9975     	
1           -137.567    	115.547     	84.0547     	
1           -136.581    	115.642     	84.1917     	
1           -135.689    	115.199     	84.1042     	
1           -134.869    	114.633     	84.1895     	
1           -133.93     	114.357     	84.395      	
1           -133.102    	114.108     	83.8937     	
1           -132.731    	113.365     	83.3361     	
1           -132.312    	112.959     	82.5233     	
1           -131.77     	112.342     	81.9534     	
1           -130.941    	111.974     	81.5323     	
1           -130.35     	111.176     	81.4103     	
1           -129.963    	110.268     	81.2549     	
1           -130.049    	109.332     	81.5959     	
1           -129.981    	108.705     	82.3729     	
1           -129.885    	107.888     	82.9413     	
1           -129.641    	107.099     	83.5045     	
1           -129.19     	106.312     	83.9268     	
1           -128.807    	105.555     	84.4552     	
1           -128.487    	105.147     	85.3112     	
1           -127.913    	104.55      	85.8712     	
1           -127.329    	103.922     	86.385      	
1           -126.584    	103.367     	86.7561     	
1           -125.867    	102.794     	87.1546     	
1           -125.109    	102.151     	87.0538     	
1           -124.853    	101.208     	86.8403     	
1           -124.501    	100.28      	86.9641     	
1           -124.118    	99.3576     	86.9114     	
1           -123.486    	98.5937     	87.0341     	
1           -122.761    	97.9048     	87.0213     	
1           -121.855    	97.4827     	86.9741     	
1           -121.204    	96.7245     	86.9369     	
1           -120.451    	96.0986     	86.7379     	
1           -119.686    	95.6277     	86.2982     	
1           -119.185    	94.8192     	85.9884     	
1           -118.717    	93.9394     	85.9019     	
1           -118.235    	93.0918     	85.6815     	
1           -118.076    	92.12       	85.5081     	
1           -118.389    	91.2188     	85.2084     	
1           -118.47     	90.2298     	85.333      	
1           -118.238    	89.6518     	84.5512     	
1           -117.922    	89.0304     	83.8334     	
1           -117.507    	88.2505     	83.3656     	
1           -117.244    	87.5846     	82.6671     	
1           -117.22     	86.9605     	81.8865     	
1           -116.937    	86.1035     	81.455      	
1           -116.631    	85.193      	81.1756     	
1           -116.01     	84.4832     	81.507      	
1           -115.801    	83.6382     	81.9985     	
1           -115.147    	82.9886     	82.3864     	
1           -114.602    	82.3331     	82.9089     	
1           -114.075    	81.5711     	83.284      	
1           -113.798    	80.7796     	83.8278     	
1           -114.127    	80.1972     	84.5715     	
1           -114.582    	79.5946     	85.2269     	
1           -115.367    	79.0018     	85.4072     	
1           -116.071    	78.4505     	85.8559     	
1           -116.891    	77.8791     	85.8555     	
1           -117.779    	77.6098     	86.2271     	
1           -118.526    	77.576      	86.8909     	
1           -119.41     	77.835      	87.2816     	
1           -119.525    	78.0934     	88.2412     	
1           -119.608    	78.0229     	89.2357     	
1           -119.297    	77.3559     	89.9125     	
1           -119.331    	76.994      	90.8443     	
1           -119.427    	76.4395     	91.6706     	
1           -119.332    	75.514      	92.038      	
1           -118.885    	74.9051     	92.6935     	
1           -118.507    	74.0454     	93.0395     	
1           -118.233    	73.0936     	93.1735     	
1           -118.057    	72.1193     	93.3152     	
1           -118.247    	71.1421     	93.4124     	
1           -118.348    	70.1494     	93.4611     	
1           -118.752    	69.2492     	93.2937     	
1           -118.851    	68.29       	93.56       	
1           -118.55     	67.3552     	93.7464     	
1           -117.754    	66.7536     	93.6824     	
1           -116.891    	66.3734     	93.3475     	
1           -116.244    	65.6984     	92.9947     	
1           -115.622    	64.9719     	92.7035     	
1           -114.72     	64.5681     	92.8588     	
1           -113.766    	64.3675     	93.0829     	
1           -113.048    	64.0735     	93.7149     	
1           -112.488    	63.4314     	94.2384     	
1           -111.879    	62.6399     	94.2033     	
1           -111.827    	61.6895     	93.8954     	
1           -111.847    	60.9623     	93.2092     	
1           -111.672    	59.9939     	93.0363     	
1           -110.709    	59.7228     	93.013      	
1           -109.728    	59.6335     	93.1882     	
1           -108.805    	59.4028     	93.4949     	
1           -108.099    	58.8298     	93.9117     	
1           -107.218    	58.3738     	94.0322     	
1           -106.629    	57.8764     	94.6695     	
1           -105.922    	57.8044     	95.3743     	
1           -105.001    	57.418      	95.4124     	
1           -104.264    	56.7429     	95.4063     	
1           -103.673    	56.0625     	95.8402     	
1           -102.928    	55.5854     	96.3049     	
1           -102.141    	55.326      	96.8656     	
1           -101.284    	55.0711     	97.3148     	
1           -100.421    	54.7591     	97.7101     	
1           -99.7745    	54.1308     	98.1423     	
1           -99.7654    	53.6096     	98.9958     	
1           -100.128    	52.7073     	99.2291     	
1           -100.114    	51.9329     	99.8617     	
1           -99.9078    	51.576      	100.773     	
1           -99.5462    	51.1996     	101.626     	
1           -98.943     	51.0189     	102.404     	
1           -98.8595    	50.5831     	103.3       	
1           -98.6595    	50.1554     	104.181     	
1           -98.6716    	49.6659     	105.053     	
1           -98.1547    	49.2364     	105.794     	
1           -97.7194    	48.917      	106.636     	
1           -97.4054    	48.0432     	107.007     	
1           -96.594     	47.4988     	107.219     	
1           -96.1399    	46.8625     	107.842     	
1           -95.2742    	46.5398     	108.225     	
1           -94.6867    	45.8361     	108.624     	
1           -94.1138    	45.0288     	108.765     	
1           -93.2797    	44.5642     	109.063     	
1           -92.2982    	44.4601     	108.903     	
1           -91.3899    	44.6784     	109.26      	
1           -90.6284    	45.1688     	109.683     	
1           -89.8349    	45.4353     	110.231     	
1           -88.9402    	45.1857     	110.601     	
1           -88.3141    	44.5547     	111.058     	
1           -87.7734    	43.7627     	111.343     	
1           -87.2694    	42.9095     	111.479     	
1           -87.3744    	41.9909     	111.859     	
1           -87.6585    	41.1195     	112.259     	
1           -88.1879    	40.2735     	112.312     	
1           -88.9207    	39.6914     	112.665     	
1           -89.721     	39.0933     	112.608     	
1           -90.4751    	38.4586     	112.444     	
1           -90.7453    	37.5276     	112.196     	
1           -90.7242    	36.5453     	112.011     	
1           -90.4086    	35.6725     	111.638     	
1           -90.3927    	34.6786     	111.534     	
1           -90.1195    	33.7439     	111.761     	
1           -89.852     	33.1551     	112.524     	
1           -89.4528    	32.6759     	113.306     	
1           -88.76      	32.2347     	113.876     	
1           -88.0226    	31.7886     	114.383     	
1           -87.4333    	31.1087     	114.819     	
1           -87.3847    	30.5739     	115.663     	
1           -87.2982    	30.0288     	116.497     	
1           -87.6448    	29.2636     	117.04      	
1           -87.7602    	28.3296     	117.376     	
1           -87.8685    	27.3817     	117.677     	
1           -88.1861    	26.4385     	117.582     	
1           -88.0515    	25.45       	117.525     	
1           -87.6575    	24.6124     	117.144     	
1           -87.0574    	24.1272     	116.508     	
1           -86.2963    	24.0832     	115.861     	
1           -85.6999    	23.9784     	115.065     	
1           -85.2439    	23.7386     	114.209     	
1           -84.9545    	23.3393     	113.339     	
1           -84.4459    	22.7035     	112.757     	
1           -84.2375    	21.7355     	112.618     	
1           -83.8535    	20.903      	112.22      	
1           -83.375     	20.1288     	111.804     	
1           -82.9604    	19.4137     	111.242     	
1           -82.9912    	18.7182     	110.524     	
1           -82.9166    	18.0311     	109.802     	
1           -82.5299    	17.1787     	109.45      	
1           -81.9074    	16.5281     	109.013     	
1           -81.0094    	16.1006     	108.911     	
1           -80.209     	15.5021     	108.877     	
1           -79.3708    	14.9906     	108.69      	
1           -78.4943    	14.5618     	108.473     	
1           -77.6667    	14.8009     	107.965     	
1           -77.0215    	15.0663     	107.247     	
1           -76.5346    	15.6348     	106.586     	
1           -75.8804    	16.1294     	106.013     	
1           -75.3152    	16.6587     	105.38      	
1           -75.3143    	17.4373     	104.753     	
1           -75.1023    	18.2833     	104.264     	
1           -74.7173    	19.2075     	104.269     	
1           -73.8605    	19.6385     	104.55      	
1           -72.9315    	19.8588     	104.848     	
1           -72.0741    	20.3656     	104.76      	
1           -71.0976    	20.5131     	104.605     	
1           -70.1604    	20.52       	104.254     	
1           -69.1812    	20.5334     	104.456     	
1           -68.1903    	20.4367     	104.362     	
1           -67.2026    	20.5041     	104.225     	
1           -66.2327    	20.355      	104.417     	
1           -65.3476    	19.944      	104.638     	
1           -64.8138    	19.2173     	104.205     	
1           -64.4458    	18.2871     	104.217     	
1           -63.8572    	17.5431     	103.904     	
1           -63.2409    	17.3366     	103.143     	
1           -63.09      	16.8165     	102.303     	
1           -62.7336    	16.2876     	101.532     	
1           -62.1755    	15.6904     	100.956     	
1           -61.5158    	15.0639     	100.541     	
1           -60.5996    	14.7899     	100.249     	
1           -59.6948    	14.375      	100.158     	
1           -58.7981    	14.2617     	100.586     	
1           -58.2226    	13.9924     	101.358     	
1           -57.7874    	13.5769     	102.157     	
1           -56.8547    	13.585      	102.516     	
1           -56.406     	13.5964     	103.411     	
1           -55.8574    	13.1004     	104.083     	
1           -55.8944    	12.7161     	105.006     	
1           -55.8501    	11.8331     	105.474     	
1           -55.8388    	10.8409     	105.589     	
1           -56.2189    	9.91584     	105.583     	
1           -56.9619    	9.41333     	106.025     	
1           -57.5194    	8.94765     	106.712     	
1           -57.6843    	8.11422     	107.239     	
1           -58.2648    	7.95236     	108.037     	
1           -59.0722    	8.11764     	108.604     	
1           -59.8716    	7.93343     	109.175     	
1           -60.7626    	7.8829      	109.628     	
1           -61.3626    	8.00908     	110.417     	
1           -62.253     	8.37223     	110.692     	
1           -63.0847    	8.77095     	111.077     	
1           -63.8844    	9.02135     	111.623     	
1           -64.6577    	9.54361     	111.983     	
1           -65.5318    	9.99654     	111.807     	
1           -66.049     	10.8064     	111.528     	
1           -66.6049    	11.594      	111.262     	
1           -66.8896    	12.4776     	110.891     	
1           -66.8913    	13.4023     	110.512     	
1           -66.9781    	14.267      	110.017     	
1           -66.6869    	14.9487     	109.346     	
1           -66.2267    	15.4957     	108.647     	
1           -65.8921    	16.1435     	107.961     	
1           -65.7424    	16.6571     	107.117     	
1           -65.5244    	17.4379     	106.53      	
1           -65.2103    	18.1754     	105.933     	
1           -64.5916    	18.5774     	105.258     	
1           -63.7392    	18.785      	104.778     	
1           -62.7889    	19.0322     	104.588     	
1           -61.9322    	19.2172     	104.106     	
1           -61.0771    	19.6381     	103.803     	
1           -60.1107    	19.7546     	103.573     	
1           -59.1877    	19.6494     	103.203     	
1           -58.2717    	19.2588     	103.116     	
1           -57.2968    	19.1785     	102.905     	
1           -56.392     	18.8344     	102.657     	
1           -55.7178    	18.0969     	102.603     	
1           -55.2439    	17.2957     	102.966     	
1           -55.0506    	16.3203     	102.854     	
1           -54.8515    	15.3408     	102.866     	
1           -54.6125    	14.6844     	103.582     	
1           -54.0735    	14.2088     	104.277     	
1           -53.3061    	13.8711     	104.822     	
1           -52.5655    	14.0222     	105.476     	
1           -51.81      	13.7674     	106.08      	
1           -50.9836    	13.4696     	106.557     	
1           -50.0254    	13.2314     	106.718     	
1           -49.0939    	12.9671     	106.968     	
1           -48.4998    	12.2795     	106.55      	
1           -48.4296    	11.4141     	106.055     	
1           -49.152     	10.7964     	105.742     	
1           -49.3616    	10.0362     	105.128     	
1           -49.8332    	9.21217     	104.814     	
1           -50.8224    	9.06368     	104.831     	
1           -51.7938    	8.94808     	104.624     	
1           -52.7469    	8.93123     	104.925     	
1           -53.7459    	8.96593     	104.882     	
1           -54.5507    	8.65166     	105.385     	
1           -55.0848    	8.20857     	106.106     	
1           -55.4286    	7.65082     	106.861     	
1           -55.6501    	6.88852     	107.469     	
1           -55.931     	6.44154     	108.319     	
1           -56.2189    	5.68253     	108.903     	
1           -56.4544    	5.3085      	109.8       	
1           -56.3103    	5.26445     	110.788     	
1           -56.1245    	4.944       	111.717     	
1           -56.3003    	4.7487      	112.682     	
1           -56.0385    	4.25486     	113.512     	
1           -55.3772    	4.35186     	114.255     	
1           -55.0671    	4.15471     	115.185     	
1           -55.0771    	4.03446     	116.178     	
1           -54.9542    	4.20696     	117.155     	
1           -54.359     	4.52786     	117.892     	
1           -53.7889    	4.95729     	118.593     	
1           -53.1814    	5.50078     	119.172     	
1           -52.5848    	5.48859     	119.974     	
1           -52.168     	5.89806     	120.787     	
1           -51.791     	5.56255     	121.65      	
1           -51.3393    	5.23238     	122.479     	
1           -50.9471    	4.77399     	123.276     	
1           -50.2911    	5.13848     	123.938     	
1           -49.7244    	5.81526     	124.406     	
1           -49.6033    	6.42492     	125.19      	
1           -49.4146    	6.41985     	126.172     	
1           -49.5595    	6.06881     	127.098     	
1           -49.9169    	5.94599     	128.023     	
1           -50.3457    	5.82244     	128.918     	
1           -50.7135    	5.91268     	129.844     	
1           -51.5583    	6.07969     	130.352     	
1           -52.18      	6.59679     	130.941     	
1           -52.9244    	7.20689     	131.211     	
1           -53.6012    	7.85548     	131.559     	
1           -54.0473    	8.47733     	132.203     	
1           -54.2872    	9.42701     	132.402     	
1           -54.7152    	10.0534     	133.053     	
1           -55.1131    	10.4695     	133.872     	
1           -55.5413    	11.1873     	134.421     	
1           -55.1342    	12.0966     	134.503     	
1           -54.7954    	13.036      	134.443     	
1           -54.3874    	13.8629     	134.058     	
1           -53.4851    	14.2566     	134.236     	
1           -52.5992    	14.6974     	134.094     	
1           -51.8768    	15.2885     	133.734     	
1           -50.8813    	15.2543     	133.655     	
1           -49.8906    	15.3825     	133.7       	
