1000

1           76.3167     	35.4599     	329.526     	
1           76.4945     	36.3951     	329.832     	
1           76.6874     	36.4044     	330.813     	
1           77.1701     	36.3598     	331.689     	
1           77.8392     	36.3583     	332.43      	
1           78.2989     	36.1252     	333.287     	
1           78.7543     	36.1413     	334.178     	
1           78.9307     	36.625      	335.035     	
1           79.5756     	37.085      	335.645     	
1           80.1349     	37.5798     	336.309     	
1           80.574      	38.4603     	336.49      	
1           81.0707     	39.3178     	336.624     	
1           81.7333     	39.8906     	337.108     	
1           82.3587     	40.5492     	337.526     	
1           82.9993     	41.1796     	337.963     	
1           83.7824     	41.7109     	337.642     	
1           84.4805     	42.3291     	337.279     	
1           85.24       	42.9719     	337.38      	
1           86.11       	43.0653     	337.864     	
1           87.0517     	43.1508     	338.187     	
1           88.0298     	43.3209     	338.31      	
1           88.9543     	43.6961     	338.243     	
1           89.4426     	44.2327     	337.554     	
1           90.1706     	44.8497     	337.255     	
1           91.011      	45.2294     	336.868     	
1           91.8164     	45.7788     	336.645     	
1           92.2784     	46.6308     	336.399     	
1           92.7373     	47.4911     	336.179     	
1           93.2176     	48.3583     	336.307     	
1           93.8542     	49.129      	336.26      	
1           94.6291     	49.7557     	336.184     	
1           95.6266     	49.6838     	336.159     	
1           96.5692     	49.919      	335.922     	
1           97.5538     	49.7454     	335.908     	
1           98.4376     	50.0793     	335.579     	
1           99.4335     	49.9924     	335.614     	
1           100.207     	49.482      	335.242     	
1           100.655     	48.6112     	335.033     	
1           101.004     	47.7672     	334.625     	
1           101.172     	46.8054     	334.837     	
1           101.06      	45.8822     	335.207     	
1           101.34      	44.9878     	335.553     	
1           101.527     	44.1771     	336.109     	
1           101.728     	43.4488     	336.764     	
1           102.051     	42.9023     	337.536     	
1           102.338     	42.2292     	338.219     	
1           101.968     	41.3636     	338.554     	
1           101.536     	40.4623     	338.594     	
1           100.881     	40.1136     	337.925     	
1           100.191     	40.4876     	337.304     	
1           99.3941     	40.4439     	336.7       	
1           98.7191     	40.7591     	336.033     	
1           97.968      	40.9016     	335.389     	
1           97.1204     	41.3886     	335.175     	
1           96.5924     	42.1784     	334.867     	
1           96.0216     	42.9882     	334.731     	
1           95.6083     	43.6026     	334.058     	
1           95.4509     	44.4665     	333.579     	
1           95.2015     	45.3882     	333.286     	
1           94.5076     	46.0963     	333.145     	
1           93.6613     	46.6121     	333.27      	
1           92.6732     	46.6604     	333.121     	
1           91.7286     	46.9461     	332.96      	
1           90.7343     	46.8546     	332.993     	
1           90.0163     	47.3394     	332.491     	
1           89.3547     	47.7648     	331.874     	
1           88.7803     	48.2163     	331.191     	
1           88.1314     	48.6292     	330.553     	
1           87.4071     	49.0836     	330.034     	
1           86.8081     	49.7465     	329.586     	
1           86.1647     	50.1549     	328.938     	
1           85.646      	50.405      	328.12      	
1           85.0647     	50.506      	327.312     	
1           84.2602     	50.5692     	326.723     	
1           83.5129     	50.7892     	326.095     	
1           82.972      	51.3521     	325.471     	
1           82.6825     	51.7264     	324.589     	
1           82.1176     	51.2758     	323.897     	
1           82.0371     	50.8134     	323.015     	
1           82.14       	49.9941     	322.451     	
1           82.165      	49.3282     	321.706     	
1           82.3264     	48.4443     	321.265     	
1           82.9136     	47.7763     	320.807     	
1           83.0829     	46.8723     	320.418     	
1           83.3415     	46.3957     	319.576     	
1           83.4308     	45.8905     	318.719     	
1           83.3581     	45.3522     	317.88      	
1           83.2454     	45.1078     	316.916     	
1           83.079      	44.3985     	316.23      	
1           82.7803     	43.6045     	315.701     	
1           83.09       	42.6751     	315.503     	
1           83.3226     	41.744      	315.22      	
1           83.5796     	40.7846     	315.334     	
1           83.7442     	39.8253     	315.566     	
1           83.5804     	38.8506     	315.418     	
1           83.7419     	37.9298     	315.776     	
1           83.7819     	37.1566     	316.408     	
1           84.0836     	36.4456     	317.044     	
1           84.1731     	35.5669     	317.511     	
1           84.0704     	34.7908     	318.134     	
1           83.5456     	34.0307     	318.516     	
1           82.958      	33.3688     	318.981     	
1           82.3653     	33.1138     	319.746     	
1           81.7051     	32.8549     	320.451     	
1           81.1579     	32.688      	321.27      	
1           80.4254     	32.684      	321.952     	
1           79.6257     	32.4025     	322.48      	
1           78.7321     	31.9699     	322.608     	
1           77.7667     	31.7959     	322.803     	
1           76.8238     	31.5105     	322.636     	
1           76.0549     	30.9585     	322.962     	
1           75.113      	30.6434     	323.078     	
1           74.6759     	30.471      	323.961     	
1           74.0793     	30.4765     	324.763     	
1           73.5411     	30.8408     	325.523     	
1           73.2668     	30.7819     	326.483     	
1           73.0793     	30.7308     	327.464     	
1           72.6412     	30.5866     	328.351     	
1           71.9813     	30.5964     	329.104     	
1           71.3917     	30.6009     	329.911     	
1           70.829      	30.6425     	330.736     	
1           70.0842     	30.5101     	331.391     	
1           69.3958     	30.5337     	332.116     	
1           68.6996     	30.43       	332.826     	
1           68.0088     	30.4589     	333.549     	
1           67.4605     	30.2235     	334.351     	
1           67.017      	30.0648     	335.233     	
1           66.8147     	29.9373     	336.204     	
1           66.07       	30.2132     	336.811     	
1           65.4513     	30.6022     	337.494     	
1           64.7086     	30.7816     	338.14      	
1           64.671      	31.0435     	339.103     	
1           65.0178     	31.2458     	340.019     	
1           65.4636     	31.5132     	340.874     	
1           66.1229     	31.3327     	341.604     	
1           66.9602     	31.2566     	342.144     	
1           67.8369     	30.8194     	342.347     	
1           68.7424     	30.9416     	342.753     	
1           69.6881     	31.2523     	342.853     	
1           70.6376     	31.5634     	342.884     	
1           71.6294     	31.6599     	342.962     	
1           72.5679     	31.9061     	343.208     	
1           73.2451     	32.6027     	342.973     	
1           73.9737     	32.9494     	342.381     	
1           74.7582     	32.8816     	341.766     	
1           75.3255     	32.934      	340.943     	
1           75.6987     	32.9804     	340.017     	
1           76.1037     	33.59       	339.336     	
1           76.2221     	34.5755     	339.213     	
1           75.9258     	35.428      	338.783     	
1           75.9507     	36.1189     	338.06      	
1           75.6963     	36.5118     	337.176     	
1           75.794      	36.9165     	336.266     	
1           75.891      	37.2751     	335.339     	
1           76.1893     	37.8147     	334.55      	
1           76.7054     	38.249      	333.812     	
1           77.4087     	38.3369     	333.107     	
1           78.1897     	38.1369     	332.514     	
1           79.0661     	37.8467     	332.131     	
1           80.025      	37.6584     	331.92      	
1           80.9815     	37.9486     	331.871     	
1           81.9186     	38.0636     	332.195     	
1           82.8345     	37.9543     	332.582     	
1           83.6962     	37.5853     	332.932     	
1           84.3384     	36.9829     	333.406     	
1           84.9523     	36.5913     	334.091     	
1           85.5623     	36.2802     	334.82      	
1           86.2993     	35.866      	335.356     	
1           87.034      	35.7492     	336.024     	
1           87.6881     	35.0208     	336.224     	
1           88.2942     	34.2641     	336.468     	
1           88.9691     	33.7875     	337.033     	
1           89.2731     	33.4059     	337.904     	
1           89.3339     	32.4647     	338.238     	
1           89.5462     	31.5015     	338.404     	
1           89.7496     	30.6564     	337.91      	
1           90.3633     	30.1956     	337.269     	
1           90.9449     	29.9117     	336.506     	
1           91.1944     	30.2074     	335.585     	
1           91.5816     	30.7552     	334.842     	
1           92.35       	30.8399     	334.208     	
1           93.058      	30.4361     	333.629     	
1           93.8113     	30.1077     	333.059     	
1           94.1984     	29.2823     	332.649     	
1           94.6799     	28.7001     	331.994     	
1           95.1206     	28.0009     	331.429     	
1           95.5079     	27.4184     	330.716     	
1           95.7773     	26.8133     	329.967     	
1           96.3343     	26.051      	329.637     	
1           96.7245     	25.1316     	329.685     	
1           97.3025     	24.5913     	329.072     	
1           97.9312     	24.0558     	328.509     	
1           98.5153     	23.4964     	327.92      	
1           99.2573     	23.2052     	327.315     	
1           99.9136     	23.2463     	326.563     	
1           100.696     	23.4056     	325.962     	
1           101.683     	23.567      	325.99      	
1           102.549     	24.0639     	325.913     	
1           103.295     	24.6127     	325.54      	
1           104.203     	25.014      	325.416     	
1           104.967     	25.4278     	324.923     	
1           105.615     	26.1072     	324.577     	
1           106.011     	27.0231     	324.651     	
1           106.422     	27.8948     	324.916     	
1           107.264     	28.4272     	325.008     	
1           108.061     	28.8482     	324.577     	
1           108.65      	29.557      	324.189     	
1           108.984     	30.1442     	323.45      	
1           108.968     	30.69       	322.612     	
1           108.772     	31.6696     	322.653     	
1           108.529     	32.6001     	322.927     	
1           108.829     	33.4827     	322.569     	
1           109.094     	34.3831     	322.225     	
1           108.931     	35.2469     	321.748     	
1           109.008     	36.2348     	321.609     	
1           109.264     	37.1995     	321.67      	
1           109.463     	38.1711     	321.549     	
1           109.815     	38.9497     	321.028     	
1           109.902     	39.3313     	320.107     	
1           109.842     	39.6177     	319.151     	
1           109.409     	39.9973     	318.334     	
1           108.789     	40.747      	318.104     	
1           108.477     	41.5161     	317.548     	
1           108.027     	42.3933     	317.378     	
1           107.606     	43.2758     	317.171     	
1           106.689     	43.6712     	317.236     	
1           105.692     	43.5882     	317.248     	
1           104.819     	43.4445     	316.784     	
1           103.836     	43.2987     	316.675     	
1           102.836     	43.3502     	316.642     	
1           101.852     	43.1957     	316.56      	
1           100.898     	43.4224     	316.756     	
1           99.9202     	43.6217     	316.817     	
1           99.1853     	44.1954     	317.182     	
1           99.0474     	45.0315     	317.712     	
1           99.363      	45.7472     	318.334     	
1           99.7096     	46.5137     	318.876     	
1           100.277     	46.6362     	319.689     	
1           100.743     	46.9122     	320.53      	
1           100.931     	46.9528     	321.511     	
1           101.257     	46.8472     	322.451     	
1           101.286     	46.3076     	323.292     	
1           101.373     	46.1426     	324.275     	
1           101.44      	46.4622     	325.22      	
1           101.464     	46.406      	326.218     	
1           101.369     	46.6735     	327.177     	
1           100.957     	46.6224     	328.088     	
1           100.651     	46.0059     	328.811     	
1           100.512     	45.3446     	329.549     	
1           100.638     	45.0271     	330.49      	
1           100.275     	44.9111     	331.414     	
1           99.5158     	45.1738     	332.007     	
1           99.1682     	45.3957     	332.919     	
1           99.0207     	45.9519     	333.738     	
1           98.9973     	46.1466     	334.717     	
1           98.4589     	46.5244     	335.471     	
1           98.6453     	47.1537     	336.225     	
1           98.9187     	48.0934     	336.437     	
1           98.9615     	48.6776     	337.246     	
1           98.9484     	49.5112     	337.799     	
1           98.5373     	50.3086     	338.242     	
1           98.1749     	51.2039     	338.498     	
1           97.7657     	52.1078     	338.627     	
1           97.4781     	53.0294     	338.888     	
1           96.9275     	53.8609     	338.947     	
1           96.0043     	54.2349     	339.028     	
1           95.1422     	54.5864     	339.397     	
1           94.3683     	55.0293     	338.946     	
1           93.7764     	55.5486     	338.33      	
1           92.8994     	55.5649     	337.849     	
1           92.1614     	55.5939     	337.175     	
1           91.5532     	56.103      	336.566     	
1           91.2511     	56.3114     	335.636     	
1           90.9744     	56.1041     	334.697     	
1           91.0931     	55.9887     	333.71      	
1           91.2563     	56.1207     	332.733     	
1           91.8233     	56.1952     	331.913     	
1           92.2246     	55.6565     	331.171     	
1           92.5277     	55.3803     	330.26      	
1           92.8557     	54.8553     	329.475     	
1           93.0812     	54.3582     	328.638     	
1           93.6092     	53.8573     	327.949     	
1           93.9096     	53.1717     	327.288     	
1           94.3226     	52.4997     	326.672     	
1           94.3251     	51.7462     	326.016     	
1           94.0932     	51.3716     	325.118     	
1           93.9483     	50.6007     	324.498     	
1           93.3689     	49.9182     	324.05      	
1           92.6449     	49.6362     	323.422     	
1           91.9018     	49.8823     	322.8       	
1           91.3084     	50.4259     	322.206     	
1           90.646      	51.1562     	322.375     	
1           89.6764     	51.1709     	322.128     	
1           88.6895     	51.3274     	322.101     	
1           87.7237     	51.3949     	321.851     	
1           86.7415     	51.2114     	321.901     	
1           85.7539     	51.0596     	321.879     	
1           84.7884     	50.8573     	321.714     	
1           83.7903     	50.8167     	321.769     	
1           82.9591     	51.3519     	321.914     	
1           82.083      	51.7146     	322.233     	
1           81.2632     	52.285      	322.19      	
1           80.4919     	52.3747     	321.561     	
1           79.7616     	52.255      	320.886     	
1           78.8322     	52.4132     	320.557     	
1           77.8843     	52.3968     	320.24      	
1           77.0196     	51.9715     	319.972     	
1           76.2084     	51.5173     	319.605     	
1           75.3308     	51.0905     	319.378     	
1           74.3825     	50.9968     	319.079     	
1           73.4075     	51.2178     	319.076     	
1           72.5099     	51.6575     	319.026     	
1           71.5467     	51.7751     	318.784     	
1           70.5732     	51.7484     	318.558     	
1           69.7118     	51.8597     	318.062     	
1           68.8371     	51.6811     	317.613     	
1           68.3407     	51.1192     	316.95      	
1           67.608      	50.4632     	316.778     	
1           66.6649     	50.1954     	316.58      	
1           65.674      	50.0577     	316.596     	
1           64.6926     	50.1011     	316.783     	
1           63.9276     	50.1171     	317.429     	
1           62.9673     	50.3253     	317.612     	
1           62.1745     	50.6767     	317.113     	
1           61.5953     	51.3508     	316.658     	
1           61.2888     	51.7332     	315.785     	
1           61.4429     	51.629      	314.803     	
1           61.6331     	50.9629     	314.083     	
1           62.0635     	50.3268     	313.442     	
1           62.2505     	49.526      	312.872     	
1           61.8438     	49.0285     	312.105     	
1           61.4931     	48.3705     	311.441     	
1           60.7903     	47.7952     	311.023     	
1           59.9578     	47.3009     	310.772     	
1           59.0437     	46.8946     	310.743     	
1           58.1384     	46.5744     	311.025     	
1           57.4397     	46.0057     	311.456     	
1           56.6771     	45.6148     	311.973     	
1           55.9131     	45.1243     	312.393     	
1           55.601      	44.2273     	312.703     	
1           55.571      	43.3056     	313.087     	
1           55.5022     	42.6576     	313.847     	
1           55.0495     	42.2161     	314.622     	
1           54.841      	41.9472     	315.563     	
1           54.0901     	41.7431     	316.19      	
1           53.1842     	41.513      	316.544     	
1           52.7856     	40.6206     	316.754     	
1           52.4129     	39.7268     	317.005     	
1           51.9003     	38.9612     	316.615     	
1           51.2432     	38.2953     	316.264     	
1           50.6387     	37.6901     	315.743     	
1           50.5392     	37.5507     	314.759     	
1           50.1651     	37.2559     	313.878     	
1           49.9398     	36.8933     	312.974     	
1           49.7303     	36.4154     	312.121     	
1           50.1013     	36.0104     	311.287     	
1           50.6643     	35.7295     	310.508     	
1           51.3704     	35.6274     	309.808     	
1           51.8453     	35.4382     	308.947     	
1           51.859      	35.3297     	307.955     	
1           51.6718     	35.7789     	307.08      	
1           51.7703     	36.0131     	306.114     	
1           51.8708     	36.5314     	305.265     	
1           52.0817     	37.4198     	304.857     	
1           52.2131     	38.2929     	304.387     	
1           51.8793     	39.2121     	304.179     	
1           51.5448     	40.1374     	303.996     	
1           51.0372     	40.9508     	303.714     	
1           50.2767     	41.5934     	303.807     	
1           49.5878     	42.2014     	304.202     	
1           48.9029     	42.4563     	304.885     	
1           48.544      	42.9389     	305.685     	
1           48.01       	43.4292     	306.371     	
1           47.7223     	44.223      	306.91      	
1           48.2519     	45.061      	307.038     	
1           48.8056     	45.8871     	306.932     	
1           49.4468     	46.6447     	307.049     	
1           50.1081     	47.359      	306.821     	
1           50.7363     	48.1075     	306.608     	
1           51.2309     	48.7089     	307.237     	
1           51.0197     	48.9972     	308.169     	
1           51.0977     	48.892      	309.162     	
1           51.0727     	48.2218     	309.903     	
1           51.0283     	47.7092     	310.761     	
1           50.9289     	47.1769     	311.601     	
1           50.9003     	46.5838     	312.407     	
1           51.4427     	46.3908     	313.224     	
1           52.1428     	46.5781     	313.913     	
1           52.648      	46.7246     	314.764     	
1           53.2397     	46.7987     	315.566     	
1           53.4845     	46.4374     	316.466     	
1           53.6001     	46.0624     	317.386     	
1           54.1385     	45.7647     	318.174     	
1           54.716      	45.4918     	318.944     	
1           55.7002     	45.38       	319.081     	
1           56.6702     	45.5511     	319.254     	
1           57.5376     	46.037      	319.361     	
1           58.416      	46.3725     	319.701     	
1           59.2537     	46.8708     	319.925     	
1           59.6137     	47.7195     	320.312     	
1           60.5307     	48.0985     	320.436     	
1           61.3542     	48.6032     	320.695     	
1           61.9524     	49.3988     	320.6       	
1           62.2837     	50.3402     	320.536     	
1           62.5059     	51.2764     	320.809     	
1           62.9484     	52.1721     	320.767     	
1           63.3645     	53.0569     	320.558     	
1           64.3209     	53.3254     	320.674     	
1           65.3054     	53.1507     	320.694     	
1           66.2681     	53.1613     	320.424     	
1           67.1547     	52.7851     	320.155     	
1           67.9311     	52.175      	320.313     	
1           68.5767     	51.4121     	320.281     	
1           68.7099     	50.4376     	320.1       	
1           68.4023     	49.6326     	319.592     	
1           68.7079     	48.7183     	319.327     	
1           68.9427     	47.803      	319         	
1           69.0399     	46.9265     	318.528     	
1           68.7042     	46.0481     	318.188     	
1           68.5785     	45.3364     	317.497     	
1           68.3471     	44.7407     	316.727     	
1           68.0749     	43.8004     	316.523     	
1           68.052      	42.8007     	316.517     	
1           68.7749     	42.1102     	316.544     	
1           69.2574     	41.2599     	316.333     	
1           69.4793     	40.3008     	316.158     	
1           69.4397     	39.7115     	315.351     	
1           68.9505     	38.9507     	314.925     	
1           68.402      	38.4304     	314.27      	
1           67.7013     	37.8107     	313.917     	
1           66.9916     	37.1064     	313.931     	
1           66.4001     	36.3323     	314.157     	
1           65.8193     	35.5902     	313.822     	
1           65.6393     	34.8776     	313.144     	
1           65.9498     	34.1955     	312.482     	
1           66.1439     	33.2642     	312.174     	
1           66.5198     	32.3493     	312.026     	
1           66.7894     	31.8283     	311.217     	
1           66.9043     	31.4159     	310.313     	
1           67.1506     	30.9113     	309.485     	
1           67.0402     	30.4376     	308.612     	
1           67.4259     	30.4975     	307.691     	
1           68.1141     	30.4512     	306.967     	
1           68.2112     	30.3406     	305.978     	
1           68.6292     	30.2949     	305.071     	
1           69.219      	30.1437     	304.277     	
1           69.8268     	30.5247     	303.581     	
1           70.4732     	31.0364     	303.015     	
1           71.1918     	31.552      	302.548     	
1           71.9473     	32.1391     	302.258     	
1           72.7436     	32.7006     	302.032     	
1           73.3314     	33.266      	301.454     	
1           74.198      	33.7628     	301.502     	
1           74.7676     	34.5806     	301.584     	
1           75.7489     	34.7723     	301.576     	
1           76.4074     	35.3538     	301.098     	
1           77.2041     	35.8032     	300.694     	
1           78.0563     	36.19       	300.342     	
1           79.0321     	36.4058     	300.379     	
1           80.0018     	36.6465     	300.423     	
1           80.782      	37.2403     	300.619     	
1           81.0643     	37.9389     	301.276     	
1           80.9143     	38.6318     	301.982     	
1           80.8021     	38.8371     	302.954     	
1           80.857      	39.2732     	303.852     	
1           81.1597     	39.2319     	304.804     	
1           81.2814     	38.86       	305.724     	
1           81.3706     	38.5758     	306.679     	
1           81.408      	38.7105     	307.669     	
1           81.3516     	39.1826     	308.549     	
1           81.3539     	39.4404     	309.515     	
1           81.6466     	39.3408     	310.466     	
1           81.8456     	39.0645     	311.406     	
1           81.3085     	39.0556     	312.25      	
1           80.7874     	38.7479     	313.046     	
1           80.3406     	38.5381     	313.916     	
1           80.0422     	38.725      	314.852     	
1           79.9182     	38.5761     	315.833     	
1           79.8219     	38.8229     	316.797     	
1           79.982      	39.0846     	317.749     	
1           80.0014     	39.8947     	318.335     	
1           80.4694     	40.1401     	319.184     	
1           80.6454     	40.2763     	320.159     	
1           81.3785     	40.6655     	320.716     	
1           82.1079     	41.3357     	320.853     	
1           82.9536     	41.8153     	321.088     	
1           83.7486     	41.797      	321.694     	
1           84.3528     	41.4064     	322.388     	
1           84.5837     	40.6487     	322.999     	
1           84.7206     	40.1377     	323.847     	
1           84.7514     	39.3719     	324.49      	
1           84.7689     	38.5002     	324.98      	
1           84.2467     	37.6853     	325.231     	
1           83.9952     	36.728      	325.374     	
1           83.2988     	36.0386     	325.573     	
1           82.8503     	35.2254     	325.944     	
1           82.6488     	34.3089     	326.289     	
1           82.8825     	33.9169     	327.179     	
1           83.311      	33.7851     	328.073     	
1           83.1307     	33.5809     	329.035     	
1           82.7065     	33.2607     	329.882     	
1           82.2833     	32.6385     	330.541     	
1           81.7471     	31.976      	331.064     	
1           81.2778     	31.3478     	331.684     	
1           80.5387     	31.0913     	332.307     	
1           79.8923     	30.5813     	332.875     	
1           79.3887     	29.7573     	333.134     	
1           78.6801     	29.0551     	333.064     	
1           77.6986     	28.865      	333.084     	
1           76.7053     	28.9791     	333.064     	
1           75.7128     	28.9553     	332.945     	
1           74.72       	28.9491     	333.064     	
1           73.9421     	29.4662     	333.421     	
1           73.0815     	29.636      	333.902     	
1           72.2337     	29.8486     	334.388     	
1           71.3388     	30.2914     	334.441     	
1           70.8887     	31.0305     	334.942     	
1           70.4803     	31.6585     	335.605     	
1           70.4716     	32.3469     	336.33      	
1           70.8869     	32.8675     	337.076     	
1           71.3715     	33.3838     	337.782     	
1           71.7103     	33.7468     	338.65      	
1           71.9713     	34.3871     	339.373     	
1           72.5186     	35.133      	339.753     	
1           72.7992     	35.8599     	340.379     	
1           72.862      	36.366      	341.239     	
1           72.5682     	36.5423     	342.179     	
1           72.8708     	36.3791     	343.118     	
1           73.7368     	36.0488     	343.493     	
1           74.5974     	35.8479     	343.961     	
1           75.3601     	35.5073     	343.411     	
1           76.177      	35.3395     	342.859     	
1           76.6353     	35.6425     	342.024     	
1           77.1951     	36.056      	341.306     	
1           77.7245     	36.5875     	340.644     	
1           78.16       	36.6442     	339.746     	
1           78.5042     	36.418      	338.835     	
1           78.7916     	36.2906     	337.885     	
1           78.9848     	35.8906     	336.99      	
1           79.1108     	35.6493     	336.027     	
1           79.2435     	35.0435     	335.243     	
1           79.2427     	34.7601     	334.284     	
1           79.6784     	34.3317     	333.492     	
1           80.3313     	34.2342     	332.741     	
1           81.0006     	34.1887     	331.999     	
1           81.3029     	34.2521     	331.048     	
1           81.1654     	34.21       	330.059     	
1           80.6373     	33.8639     	329.283     	
1           80.2867     	33.5        	328.42      	
1           80.4075     	32.8171     	327.7       	
1           80.3952     	31.9224     	327.253     	
1           80.5965     	31.0049     	326.91      	
1           80.8845     	30.147      	326.485     	
1           81.4914     	29.4148     	326.176     	
1           81.9234     	28.5484     	326.426     	
1           82.3583     	27.6642     	326.596     	
1           82.694      	26.7362     	326.434     	
1           83.0258     	25.8201     	326.659     	
1           83.2431     	24.8735     	326.897     	
1           82.8778     	24.0115     	327.249     	
1           82.6834     	23.1033     	327.619     	
1           82.5382     	22.1665     	327.938     	
1           82.0851     	21.2942     	328.121     	
1           82.116      	20.2997     	328.221     	
1           82.4745     	19.3665     	328.245     	
1           83.068      	18.6003     	327.999     	
1           83.5887     	17.8052     	327.687     	
1           83.7013     	16.9308     	327.216     	
1           84.0223     	16.1559     	326.671     	
1           84.4025     	15.268      	326.412     	
1           84.8833     	14.4459     	326.107     	
1           84.9979     	13.7247     	325.424     	
1           84.8126     	13.4764     	324.473     	
1           84.5372     	13.1595     	323.566     	
1           83.8757     	12.8102     	322.902     	
1           82.9364     	12.9244     	322.578     	
1           81.9668     	12.9259     	322.333     	
1           81.001      	12.972      	322.078     	
1           80.018      	13.1471     	322.132     	
1           79.0627     	13.3596     	321.927     	
1           78.1111     	13.6383     	322.057     	
1           77.3402     	13.8006     	322.673     	
1           76.5317     	13.6987     	323.252     	
1           75.5397     	13.8009     	323.324     	
1           74.5989     	13.5357     	323.113     	
1           73.7135     	13.271      	322.731     	
1           72.795      	12.8895     	322.627     	
1           71.9605     	12.4748     	322.264     	
1           70.968      	12.3631     	322.218     	
1           70.2397     	11.7862     	322.587     	
1           69.4693     	11.2313     	322.902     	
1           68.5516     	10.8554     	323.03      	
1           67.9136     	10.1842     	323.407     	
1           67.2251     	10.0496     	324.12      	
1           66.4001     	10.4173     	324.549     	
1           65.5529     	10.8514     	324.855     	
1           64.7525     	10.9216     	325.45      	
1           64.1792     	10.9803     	326.268     	
1           63.5804     	10.9418     	327.068     	
1           62.9751     	10.7822     	327.848     	
1           62.6072     	10.3738     	328.683     	
1           62.2444     	10.0414     	329.553     	
1           61.479      	9.69185     	330.094     	
1           60.6744     	9.39892     	330.61      	
1           59.8687     	9.47785     	331.197     	
1           59.3638     	9.97125     	331.906     	
1           58.8426     	10.1406     	332.742     	
1           58.7672     	10.3496     	333.717     	
1           58.2096     	10.6075     	334.507     	
1           57.4654     	10.4567     	335.158     	
1           56.5165     	10.2746     	335.41      	
1           55.5886     	10.4029     	335.763     	
1           54.6303     	10.5776     	335.988     	
1           53.7586     	10.8974     	336.361     	
1           52.943      	11.0287     	336.923     	
1           52.3588     	10.9597     	337.732     	
1           52.0943     	11.2815     	338.641     	
1           51.9944     	11.7433     	339.522     	
1           51.7297     	12.4242     	340.206     	
1           51.7779     	13.1089     	340.932     	
1           51.7255     	13.6014     	341.802     	
1           51.9345     	14.4581     	342.272     	
1           52.0849     	15.4341     	342.435     	
1           52.5273     	16.1817     	342.929     	
1           52.7836     	16.8683     	343.609     	
1           52.532      	17.5804     	344.264     	
1           52.0433     	18.414      	344.521     	
1           51.9922     	19.4123     	344.53      	
1           51.7719     	20.3117     	344.91      	
1           51.6951     	21.2993     	345.048     	
1           51.8691     	22.2805     	345.125     	
1           52.1482     	23.203      	344.854     	
1           52.1862     	24.0866     	344.39      	
1           52.4888     	24.9532     	343.993     	
1           52.8795     	25.7981     	343.627     	
1           53.3668     	26.5855     	343.251     	
1           54.1583     	26.9651     	342.773     	
1           55.1015     	27.1496     	342.489     	
1           55.9611     	26.9054     	342.044     	
1           56.8428     	26.5194     	341.773     	
1           57.6748     	26.9028     	342.175     	
1           58.4221     	27.4773     	342.511     	
1           58.711      	28.042      	343.284     	
1           59.3036     	28.2068     	344.071     	
1           59.8589     	27.9381     	344.859     	
1           60.5154     	27.7891     	345.598     	
1           61.1222     	27.2287     	346.163     	
1           61.7228     	26.6732     	346.737     	
1           62.456      	26.0654     	347.038     	
1           62.7664     	25.7422     	347.934     	
1           63.1396     	25.4325     	348.808     	
1           63.4729     	24.9767     	349.633     	
1           63.7407     	24.8077     	350.582     	
1           63.6435     	24.2777     	351.424     	
1           63.9031     	23.7045     	352.202     	
1           63.3173     	23.2364     	352.863     	
1           62.9303     	22.3624     	353.158     	
1           62.4146     	21.5082     	353.21      	
1           62.5981     	20.5907     	353.562     	
1           62.2902     	19.6492     	353.711     	
1           61.4548     	19.1174     	353.842     	
1           60.5997     	18.6017     	353.912     	
1           59.9208     	18.173      	354.506     	
1           59.4439     	17.3356     	354.776     	
1           58.7231     	16.6491     	354.863     	
1           58.2033     	15.8083     	355.017     	
1           58.0121     	14.8379     	354.874     	
1           57.4226     	14.0291     	354.852     	
1           57.0922     	13.1324     	355.145     	
1           56.3756     	12.4349     	355.15      	
1           55.8407     	11.7026     	355.569     	
1           55.454      	11.0244     	356.195     	
1           54.7766     	10.4195     	356.613     	
1           53.8257     	10.353      	356.919     	
1           53.1653     	10.0664     	357.61      	
1           52.6912     	9.29087     	358.03      	
1           52.2659     	8.42745     	358.3       	
1           51.4214     	7.96416     	358.568     	
1           50.5687     	7.83148     	359.075     	
1           50.1319     	7.53696     	359.924     	
1           49.5991     	7.1845      	360.694     	
1           48.9638     	6.80406     	361.365     	
1           48.7315     	6.15108     	362.087     	
1           48.4232     	5.33088     	362.566     	
1           48.208      	4.35866     	362.664     	
1           47.6754     	3.56645     	362.965     	
1           47.0305     	2.93216     	363.393     	
1           46.6644     	2.18788     	363.949     	
1           46.2522     	1.32617     	364.247     	
1           46.0195     	0.423057    	364.607     	
1           46.038      	-0.552676   	364.384     	
1           45.7274     	-1.42343    	364.004     	
1           45.3075     	-2.09445    	363.392     	
1           44.9079     	-2.12538    	362.476     	
1           44.1022     	-2.42476    	361.967     	
1           43.2127     	-2.78655    	361.689     	
1           42.4504     	-3.40339    	361.488     	
1           42.0364     	-4.18944    	361.029     	
1           42.0106     	-5.12001    	360.665     	
1           41.8681     	-5.93745    	360.106     	
1           41.8543     	-6.66531    	359.421     	
1           41.4541     	-7.14687    	358.643     	
1           40.8865     	-7.76306    	358.095     	
1           40.442      	-8.50641    	357.595     	
1           40.2106     	-9.47643    	357.521     	
1           39.9338     	-10.426     	357.371     	
1           39.4132     	-11.0361    	356.775     	
1           38.7319     	-11.119     	356.047     	
1           37.8675     	-11.2348    	355.556     	
1           37.1711     	-11.8996    	355.289     	
1           36.666      	-12.7106    	354.99      	
1           36.1435     	-13.5587    	354.918     	
1           35.6734     	-14.4401    	354.965     	
1           35.0572     	-15.1376    	355.334     	
1           34.6222     	-15.8393    	355.897     	
1           34.075      	-16.2131    	356.647     	
1           33.5224     	-15.682     	357.288     	
1           33.3877     	-14.8029    	357.746     	
1           33.8643     	-13.9248    	357.703     	
1           34.269      	-13.042     	357.468     	
1           34.5902     	-12.1208    	357.246     	
1           34.9789     	-11.2044    	357.155     	
1           35.497      	-10.3513    	357.212     	
1           36.0185     	-9.50664    	357.081     	
1           36.347      	-8.5847     	356.875     	
1           36.9961     	-8.2816     	356.179     	
1           37.8936     	-7.94467    	355.891     	
1           38.883      	-7.94706    	355.748     	
1           39.8406     	-8.22107    	355.666     	
1           40.7777     	-8.53453    	355.826     	
1           41.601      	-8.78376    	356.335     	
1           42.2613     	-9.29893    	356.882     	
1           43.0185     	-9.85607    	357.222     	
1           43.7427     	-10.4571    	357.561     	
1           44.4964     	-11.0736    	357.788     	
1           45.0363     	-11.8973    	357.617     	
1           45.0644     	-12.7852    	358.077     	
1           45.5316     	-13.567     	358.492     	
1           46.268      	-14.0241    	358.989     	
1           47.0216     	-14.6203    	359.263     	
1           47.6685     	-15.2404    	359.709     	
1           48.3452     	-15.7922    	360.195     	
1           49.0497     	-16.2173    	360.765     	
1           49.7006     	-16.9104    	361.075     	
1           50.4587     	-17.5296    	361.277     	
1           50.8629     	-18.3921    	361.583     	
1           51.7095     	-18.8532    	361.85      	
1           52.1735     	-19.6311    	362.273     	
1           52.3723     	-20.3422    	362.946     	
1           52.5003     	-20.5152    	363.924     	
1           52.0583     	-20.3472    	364.805     	
1           52.3424     	-19.9063    	365.655     	
1           52.5402     	-19.6361    	366.598     	
1           52.4876     	-19.3285    	367.547     	
1           52.6801     	-18.6876    	368.291     	
1           52.5618     	-18.3542    	369.226     	
1           52.8539     	-17.9899    	370.111     	
1           53.567      	-17.725     	370.759     	
1           54.4152     	-17.2553    	371.002     	
1           55.2035     	-16.7442    	370.657     	
1           55.7855     	-16.3651    	369.939     	
1           56.1145     	-15.7232    	369.245     	
1           56.2867     	-14.7669    	369.009     	
1           56.0164     	-13.9281    	368.536     	
1           55.3873     	-13.2021    	368.259     	
1           54.6334     	-12.5451    	368.285     	
1           53.7579     	-12.3658    	368.733     	
1           52.9789     	-12.1806    	369.332     	
1           52.0489     	-12.1164    	369.696     	
1           51.4801     	-12.1897    	370.516     	
1           50.7576     	-12.4839    	371.142     	
1           49.8401     	-12.5106    	371.535     	
1           49.0953     	-12.0744    	372.04      	
1           48.3402     	-11.4468    	372.23      	
1           47.509      	-11.0059    	371.89      	
1           46.8173     	-10.8722    	371.18      	
1           46.0591     	-10.666     	370.561     	
1           45.1734     	-10.9135    	370.168     	
1           44.2195     	-11.2028    	370.088     	
1           43.3113     	-11.3786    	370.466     	
1           42.8334     	-11.4599    	371.341     	
1           42.5148     	-11.6428    	372.271     	
1           42.3352     	-12.1035    	373.141     	
1           42.2657     	-12.8908    	373.753     	
1           42.4716     	-13.816     	374.07      	
1           42.4044     	-14.7413    	374.445     	
1           42.1326     	-15.3211    	375.213     	
1           42.1897     	-15.4955    	376.196     	
1           42.4061     	-15.702     	377.151     	
1           42.6524     	-16.2317    	377.962     	
1           43.0116     	-16.8542    	378.656     	
1           43.7099     	-17.3705    	379.151     	
1           44.3711     	-18.046     	379.478     	
1           44.5979     	-18.8289    	380.058     	
1           44.838      	-19.4578    	380.798     	
1           45.3436     	-20.1137    	381.358     	
1           45.5742     	-20.7194    	382.121     	
1           45.6727     	-21.1384    	383.023     	
1           46.0358     	-21.679     	383.78      	
1           46.0798     	-22.4383    	384.429     	
1           46.3868     	-22.9389    	385.241     	
1           47.2178     	-22.8825    	385.793     	
1           48.1169     	-22.5021    	386.013     	
1           48.9508     	-22.1705    	386.455     	
1           49.7498     	-21.5703    	386.497     	
1           50.5156     	-20.9291    	386.508     	
1           51.2343     	-20.2421    	386.612     	
1           52.1236     	-19.899     	386.914     	
1           53.0785     	-19.6017    	386.874     	
1           54.0532     	-19.38      	386.839     	
1           54.9098     	-19.6029    	386.374     	
1           55.6554     	-20.1869    	386.056     	
1           56.1115     	-20.9358    	385.573     	
1           56.5883     	-21.7117    	385.162     	
1           57.3247     	-22.3468    	384.932     	
1           58.2471     	-22.6733    	384.72      	
1           58.8834     	-23.442     	384.663     	
1           59.7535     	-23.7192    	384.256     	
1           60.7208     	-23.6769    	384.505     	
1           61.5723     	-23.1684    	384.375     	
1           61.9397     	-22.2397    	384.43      	
1           62.4811     	-21.4411    	384.695     	
1           62.9663     	-20.6544    	385.075     	
1           63.6644     	-19.9528    	384.923     	
1           64.4294     	-19.3547    	384.69      	
1           65.242      	-18.8754    	384.357     	
1           65.8509     	-18.2319    	383.895     	
1           66.6945     	-17.8124    	383.558     	
1           67.591      	-17.5254    	383.22      	
1           68.5909     	-17.5477    	383.222     	
1           69.5763     	-17.4928    	383.064     	
1           70.0653     	-16.7387    	383.5       	
1           70.8098     	-16.0725    	383.555     	
1           71.5634     	-15.4275    	383.69      	
1           72.4976     	-15.1499    	383.469     	
1           73.3569     	-14.8409    	383.059     	
1           74.1156     	-14.4089    	382.573     	
1           74.9469     	-13.9261    	382.849     	
1           75.5533     	-13.3419    	383.388     	
1           76.2417     	-12.7517    	383.809     	
1           76.7837     	-12.015     	384.214     	
1           77.4769     	-11.5532    	384.767     	
1           77.9863     	-10.7381    	385.044     	
1           78.8415     	-10.3479    	385.385     	
1           79.4222     	-9.53397    	385.38      	
1           79.8493     	-8.76878    	385.86      	
1           80.2831     	-8.20949    	386.569     	
1           80.5696     	-7.31261    	386.904     	
1           80.6798     	-6.5351     	387.522     	
1           80.4789     	-6.02607    	388.36      	
1           79.7299     	-5.53103    	388.801     	
1           79.6264     	-4.94228    	389.603     	
1           79.3426     	-4.52431    	390.466     	
1           78.7083     	-4.0562     	391.079     	
1           77.8639     	-3.55978    	391.289     	
1           77.4751     	-2.81234    	391.827     	
1           76.6996     	-2.5127     	392.383     	
1           76.1169     	-1.88803    	392.902     	
1           75.2578     	-1.46667    	393.19      	
1           74.2806     	-1.65408    	393.3       	
1           73.2917     	-1.78399    	393.222     	
1           72.3367     	-1.77353    	392.929     	
1           71.3657     	-1.56914    	392.805     	
1           70.3904     	-1.39607    	392.664     	
1           69.4402     	-1.10596    	392.554     	
1           68.445      	-1.04132    	392.623     	
1           67.5204     	-0.776672   	392.9       	
1           66.5401     	-0.748976   	392.704     	
1           65.6678     	-1.07875    	392.346     	
1           64.7731     	-1.32924    	392.716     	
1           63.8733     	-1.53832    	393.1       	
1           62.8935     	-1.70795    	392.989     	
1           62.0761     	-1.55967    	392.432     	
1           61.244      	-1.73069    	391.905     	
1           60.6736     	-2.2818     	391.298     	
1           59.9694     	-2.61475    	390.67      	
1           59.2673     	-3.24422    	390.336     	
1           58.6441     	-3.92286    	389.949     	
1           57.852      	-4.46619    	389.668     	
1           57.0448     	-4.73513    	389.143     	
1           56.3001     	-4.67152    	388.479     	
1           55.6542     	-4.58591    	387.721     	
1           54.9207     	-4.95461    	387.148     	
1           54.1436     	-5.52653    	386.887     	
1           53.6532     	-6.3031     	386.491     	
1           53.2095     	-7.0635     	386.018     	
1           52.9644     	-8.02446    	386.15      	
1           52.9625     	-8.95246    	385.778     	
1           53.4833     	-9.69181    	385.349     	
1           53.5688     	-10.679     	385.48      	
1           54.2577     	-11.3926    	385.605     	
1           54.743      	-11.9057    	386.314     	
1           54.6145     	-12.0801    	387.29      	
1           54.4474     	-11.9791    	388.271     	
1           54.2187     	-11.6769    	389.196     	
1           54.3341     	-11.2449    	390.09      	
1           53.6505     	-10.9466    	390.756     	
1           53.0584     	-10.3503    	391.297     	
1           52.5504     	-9.92317    	392.046     	
1           51.8361     	-9.81278    	392.737     	
1           51.4048     	-9.33665    	393.503     	
1           50.8417     	-8.84162    	394.165     	
1           50.4674     	-8.50092    	395.027     	
1           49.6488     	-8.15029    	395.481     	
1           48.7643     	-7.7581     	395.735     	
1           47.8694     	-7.31989    	395.64      	
1           46.8806     	-7.27964    	395.498     	
1           45.889      	-7.41       	395.492     	
1           44.9626     	-7.07998    	395.674     	
1           44.6508     	-6.96406    	396.615     	
1           43.7676     	-6.9592     	397.086     	
1           42.9904     	-7.14569    	397.687     	
1           42.4716     	-7.39668    	398.505     	
1           41.8144     	-7.48897    	399.252     	
1           41.141      	-7.46473    	399.991     	
1           40.2389     	-7.6424     	400.386     	
1           39.4154     	-8.11259    	400.701     	
1           38.6855     	-7.91528    	401.357     	
1           38.3298     	-7.49939    	402.194     	
1           38.0613     	-7.12053    	403.08      	
1           37.9896     	-6.61456    	403.938     	
1           37.6917     	-6.55852    	404.891     	
1           37.5215     	-6.98575    	405.779     	
1           37.3405     	-7.83181    	406.28      	
1           37.1055     	-8.10123    	407.214     	
1           37.2112     	-8.3676     	408.173     	
1           37.2426     	-8.44397    	409.169     	
1           37.3566     	-8.56258    	410.156     	
1           37.5955     	-8.59231    	411.126     	
1           37.3439     	-8.91078    	412.04      	
1           37.1997     	-9.65081    	412.697     	
1           37.9105     	-10.2829    	413.006     	
1           38.3948     	-11.0396    	413.445     	
1           38.7404     	-11.6679    	414.142     	
1           38.984      	-12.4274    	414.745     	
1           39.3918     	-13.0802    	415.384     	
1           40.141      	-13.6947    	415.629     	
1           40.9828     	-14.2243    	415.735     	
1           41.7428     	-14.5657    	416.286     	
1           42.2076     	-15.0231    	417.045     	
1           42.6664     	-15.5855    	417.733     	
1           43.1295     	-15.9602    	418.537     	
1           43.8588     	-16.3635    	419.088     	
1           44.4726     	-16.724     	419.791     	
1           45.0614     	-16.9017    	420.578     	
1           45.6505     	-17.3743    	421.234     	
1           46.3472     	-17.8746    	421.75      	
1           46.8265     	-18.4514    	422.411     	
1           47.1762     	-18.9248    	423.221     	
1           47.311      	-19.4978    	424.029     	
1           47.3953     	-20.0992    	424.823     	
1           47.1297     	-20.6578    	425.608     	
1           47.1007     	-20.9535    	426.563     	
1           47.5216     	-21.474     	427.306     	
1           48.0856     	-22.0819    	427.864     	
1           48.3377     	-23.0047    	428.157     	
1           48.7886     	-23.8887    	428.284     	
1           49.2037     	-24.7939    	428.371     	
1           49.1657     	-25.6542    	428.881     	
1           48.9269     	-26.5869    	429.148     	
1           48.8073     	-27.5201    	429.487     	
1           49.0864     	-28.4032    	429.864     	
1           49.6067     	-29.1624    	430.254     	
1           49.8511     	-30.0102    	430.725     	
1           50.0083     	-30.9377    	431.065     	
1           49.8274     	-31.8743    	431.363     	
1           49.4522     	-32.7745    	431.581     	
1           49.4834     	-33.7386    	431.849     	
1           49.4581     	-34.4831    	432.517     	
1           48.9512     	-35.229     	432.948     	
1           48.3858     	-36.0114    	433.207     	
1           47.9373     	-36.6921    	433.787     	
1           47.7492     	-37.462     	434.396     	
1           47.4493     	-38.2643    	434.913     	
1           47.1764     	-38.9447    	435.593     	
1           46.9966     	-39.0861    	436.566     	
1           46.4988     	-39.4224    	437.365     	
1           45.74       	-39.7316    	437.94      	
1           45.3625     	-40.116     	438.782     	
1           45.0169     	-40.7712    	439.454     	
1           44.3934     	-41.403     	439.914     	
1           44.2437     	-41.6588    	440.869     	
1           44.0944     	-41.774     	441.852     	
1           44.414      	-41.8892    	442.791     	
1           44.6892     	-42.223     	443.694     	
1           44.6114     	-42.778     	444.521     	
1           44.8052     	-43.3232    	445.337     	
1           44.909      	-43.4336    	446.325     	
1           45.4072     	-43.509     	447.189     	
1           45.7647     	-43.8996    	448.037     	
1           46.0493     	-44.1823    	448.953     	
1           46.0932     	-44.6487    	449.838     	
1           45.7694     	-45.4571    	450.328     	
1           45.7146     	-46.2214    	450.971     	
1           45.4537     	-46.8876    	451.668     	
1           45.6515     	-47.3055    	452.556     	
1           45.7706     	-47.9525    	453.309     	
1           46.2493     	-48.8269    	453.384     	
1           46.8721     	-49.5296    	453.04      	
1           47.2362     	-50.4308    	453.275     	
