1000

1           -46.2206    	95.2749     	455.305     	
1           -45.564     	94.6747     	455.762     	
1           -45.0862    	93.9448     	456.251     	
1           -44.6858    	93.4584     	457.029     	
1           -44.0527    	93.0994     	457.713     	
1           -43.1368    	93.2672     	458.077     	
1           -42.4903    	93.5827     	458.772     	
1           -41.7813    	93.9815     	459.354     	
1           -40.9011    	94.3225     	459.683     	
1           -39.9741    	94.6777     	459.8       	
1           -39.2842    	94.9342     	459.122     	
1           -38.3494    	95.1542     	458.843     	
1           -37.3951    	94.9079     	458.671     	
1           -36.4569    	94.7422     	458.367     	
1           -35.5543    	94.3131     	458.359     	
1           -34.7709    	93.7201     	458.543     	
1           -34.1027    	93.3969     	459.214     	
1           -33.9661    	93.0164     	460.128     	
1           -33.9263    	92.343      	460.866     	
1           -34.0355    	91.3526     	460.944     	
1           -33.7596    	90.4044     	461.104     	
1           -33.7244    	89.4059     	461.147     	
1           -33.0998    	88.6255     	461.107     	
1           -32.1724    	88.328      	461.334     	
1           -31.5016    	87.5922     	461.239     	
1           -30.8776    	86.876      	461.552     	
1           -30.4625    	86.0554     	461.944     	
1           -30.275     	85.3165     	462.591     	
1           -30.1122    	84.555      	463.218     	
1           -30.4415    	83.8211     	463.813     	
1           -31.1462    	83.1142     	463.762     	
1           -31.4923    	82.2019     	463.541     	
1           -31.8578    	81.3238     	463.233     	
1           -32.6411    	80.7756     	462.94      	
1           -33.4132    	80.3046     	462.512     	
1           -33.741     	79.5783     	461.908     	
1           -34.2224    	79.2344     	461.103     	
1           -34.6111    	78.9442     	460.227     	
1           -35.2806    	78.3413     	459.793     	
1           -35.7969    	77.5391     	459.496     	
1           -36.1033    	76.6788     	459.086     	
1           -36.3013    	75.8007     	458.653     	
1           -36.4753    	74.8558     	458.373     	
1           -36.5744    	74.0246     	457.826     	
1           -36.3454    	73.321      	457.154     	
1           -35.5692    	72.7435     	456.898     	
1           -35.3407    	71.8431     	456.53      	
1           -34.7019    	71.2298     	456.065     	
1           -33.9855    	71.0222     	455.4       	
1           -33.3727    	70.87       	454.625     	
1           -32.779     	70.7709     	453.824     	
1           -32.2363    	70.8263     	452.986     	
1           -31.5619    	70.3712     	452.406     	
1           -31.1896    	69.6233     	451.855     	
1           -31.043     	68.8997     	451.182     	
1           -31.0078    	68.1714     	450.498     	
1           -30.8917    	67.8292     	449.565     	
1           -31.0307    	67.3697     	448.687     	
1           -30.3405    	66.7811     	448.269     	
1           -29.7268    	66.0141     	448.075     	
1           -29.099     	65.2612     	447.883     	
1           -28.3029    	64.6841     	447.698     	
1           -27.8355    	63.8719     	447.349     	
1           -27.8579    	62.9114     	447.075     	
1           -27.8665    	61.9628     	446.756     	
1           -27.7428    	61.4809     	445.889     	
1           -27.5255    	60.6288     	445.412     	
1           -27.0448    	59.8969     	444.93      	
1           -26.4202    	59.1368     	444.752     	
1           -25.8073    	58.3533     	444.651     	
1           -24.8498    	58.2222     	444.394     	
1           -23.8869    	58.2757     	444.128     	
1           -22.9081    	58.3579     	443.938     	
1           -21.97      	58.7014     	443.964     	
1           -21.2846    	59.4289     	443.92      	
1           -20.6446    	60.1945     	443.86      	
1           -20.0958    	60.9354     	444.25      	
1           -19.6575    	61.741      	444.648     	
1           -18.813     	61.9878     	445.122     	
1           -18.0877    	62.4184     	445.659     	
1           -17.5417    	63.0338     	446.227     	
1           -17.1223    	63.7446     	446.793     	
1           -16.999     	64.3167     	447.605     	
1           -17.0521    	64.8099     	448.471     	
1           -16.9092    	65.329      	449.316     	
1           -16.522     	65.8717     	450.06      	
1           -16.2846    	66.7705     	450.427     	
1           -15.6221    	67.4027     	450.831     	
1           -15.0261    	67.9185     	451.447     	
1           -14.8897    	68.8445     	451.798     	
1           -14.4472    	69.7225     	451.978     	
1           -14.3341    	70.5896     	452.464     	
1           -14.3063    	71.5222     	452.105     	
1           -14.3661    	72.3628     	451.566     	
1           -14.7807    	73.1138     	451.053     	
1           -15.3879    	73.7856     	450.627     	
1           -15.985     	74.2645     	449.984     	
1           -16.0887    	74.6614     	449.072     	
1           -15.8913    	74.5858     	448.095     	
1           -15.6599    	74.6626     	447.125     	
1           -15.3304    	74.3835     	446.223     	
1           -15.0446    	73.9093     	445.391     	
1           -14.2443    	73.4675     	444.984     	
1           -13.4158    	72.9146     	444.894     	
1           -12.6352    	72.4999     	444.428     	
1           -12.266     	71.7426     	443.888     	
1           -11.8351    	70.91       	443.545     	
1           -11.176     	70.1918     	443.317     	
1           -10.3644    	69.6265     	443.169     	
1           -9.47404    	69.207      	443.34      	
1           -8.48052    	69.2503     	443.456     	
1           -7.5421     	69.5449     	443.637     	
1           -6.66431    	69.9367     	443.362     	
1           -5.73984    	70.3046     	443.263     	
1           -4.97753    	70.9504     	443.305     	
1           -4.28459    	71.6707     	443.276     	
1           -3.87142    	72.5573     	443.068     	
1           -3.87341    	73.3227     	442.425     	
1           -3.63422    	74.1744     	441.957     	
1           -3.92101    	74.9986     	441.47      	
1           -4.50162    	75.5847     	440.905     	
1           -4.96872    	76.4411     	440.682     	
1           -4.74967    	77.3863     	440.441     	
1           -5.09273    	78.3257     	440.453     	
1           -5.23757    	79.3137     	440.514     	
1           -4.93193    	80.2497     	440.343     	
1           -4.73667    	81.1631     	439.986     	
1           -3.94593    	81.7702     	440.071     	
1           -3.07282    	82.1904     	439.828     	
1           -2.69387    	83.1141     	439.763     	
1           -2.20894    	83.9842     	439.86      	
1           -2.00555    	84.8169     	440.373     	
1           -1.62052    	85.3025     	441.158     	
1           -1.62631    	86.19       	441.619     	
1           -1.57164    	87.104      	442.021     	
1           -1.26554    	87.7023     	442.761     	
1           -1.24479    	88.5087     	443.352     	
1           -1.24712    	89.4937     	443.524     	
1           -0.659502   	90.1869     	443.942     	
1           -0.267698   	90.6708     	444.724     	
1           -0.13292    	91.4654     	445.315     	
1           0.0703229   	92.2916     	445.843     	
1           0.730262    	92.9273     	446.242     	
1           1.56003     	93.3747     	446.577     	
1           2.40555     	93.8589     	446.799     	
1           3.20953     	94.41       	446.573     	
1           4.03482     	94.6676     	446.071     	
1           4.91988     	95.1126     	445.939     	
1           5.19259     	96.0513     	445.727     	
1           5.3117      	96.372      	444.788     	
1           5.27142     	97.1693     	444.185     	
1           5.54555     	98.0454     	443.788     	
1           6.12776     	98.5877     	443.182     	
1           6.60082     	98.9779     	442.393     	
1           6.71583     	99.1726     	441.417     	
1           5.95604     	99.3091     	440.782     	
1           5.11986     	99.5987     	440.318     	
1           4.15243     	99.7474     	440.109     	
1           3.16974     	99.5752     	440.172     	
1           2.17066     	99.6077     	440.179     	
1           1.1874      	99.6905     	440.012     	
1           0.231082    	99.9549     	439.903     	
1           -0.764596   	100.039     	439.947     	
1           -1.71151    	99.9916     	440.267     	
1           -2.61364    	99.8531     	439.858     	
1           -3.43445    	100.017     	439.311     	
1           -3.89617    	100.031     	438.424     	
1           -4.27871    	99.9631     	437.502     	
1           -4.59097    	99.9373     	436.552     	
1           -4.5141     	100.461     	435.704     	
1           -4.19691    	100.961     	434.899     	
1           -4.17375    	101.605     	434.133     	
1           -4.03046    	102.454     	433.628     	
1           -4.34495    	103.321     	433.24      	
1           -4.6715     	104.267     	433.218     	
1           -5.19338    	105.119     	433.208     	
1           -5.45648    	105.984     	432.78      	
1           -5.48587    	106.725     	432.109     	
1           -5.61105    	107.312     	431.31      	
1           -5.62921    	108.146     	430.757     	
1           -5.49914    	108.873     	430.083     	
1           -4.89304    	109.218     	429.367     	
1           -4.50971    	109.468     	428.477     	
1           -4.50535    	109.183     	427.519     	
1           -4.53278    	108.631     	426.686     	
1           -4.57493    	107.85      	426.061     	
1           -4.42901    	107.253     	425.274     	
1           -4.04618    	106.798     	424.47      	
1           -3.58439    	106.125     	423.892     	
1           -3.5676     	105.913     	422.915     	
1           -3.1951     	105.612     	422.036     	
1           -3.20592    	104.828     	421.416     	
1           -3.1336     	103.901     	421.045     	
1           -3.60378    	103.024     	420.939     	
1           -3.83916    	102.054     	420.975     	
1           -4.26239    	101.159     	420.84      	
1           -5.15562    	100.725     	420.964     	
1           -5.95414    	100.195     	421.253     	
1           -6.60619    	99.508      	421.569     	
1           -7.201      	98.7036     	421.561     	
1           -7.41364    	97.728      	421.581     	
1           -7.76308    	96.7906     	421.549     	
1           -8.22908    	95.9061     	421.595     	
1           -8.8722     	95.2309     	421.954     	
1           -9.62465    	94.6788     	422.314     	
1           -9.8376     	93.8778     	422.872     	
1           -9.54511    	93.081      	423.4       	
1           -9.00335    	92.6116     	424.1       	
1           -8.87566    	91.9882     	424.871     	
1           -8.9531     	91.712      	425.829     	
1           -8.51114    	91.0626     	426.448     	
1           -8.10148    	90.5136     	427.175     	
1           -7.61561    	89.64       	427.159     	
1           -7.07989    	88.8278     	427.39      	
1           -6.29982    	88.693      	428.002     	
1           -6.01511    	88.4586     	428.931     	
1           -5.69757    	88.2317     	429.851     	
1           -5.22954    	87.8481     	430.648     	
1           -4.56291    	87.4039     	431.248     	
1           -4.16539    	86.8567     	431.985     	
1           -3.58695    	86.4768     	432.706     	
1           -3.58066    	85.8845     	433.511     	
1           -4.02043    	85.6358     	434.373     	
1           -4.41992    	85.6673     	435.29      	
1           -4.73777    	85.5553     	436.231     	
1           -4.23509    	85.3009     	437.058     	
1           -4.17574    	84.5178     	437.677     	
1           -4.12969    	83.5221     	437.61      	
1           -3.97507    	82.6369     	437.171     	
1           -3.38433    	81.9005     	436.837     	
1           -2.75944    	81.1416     	437.017     	
1           -2.09087    	80.5319     	437.444     	
1           -1.77575    	79.819      	438.07      	
1           -1.55802    	78.8421     	438.085     	
1           -1.42111    	77.858      	438.196     	
1           -0.855245   	77.0943     	437.887     	
1           -0.244968   	76.317      	437.731     	
1           0.262511    	75.4616     	437.826     	
1           0.241382    	74.6515     	438.412     	
1           0.183553    	73.8406     	438.995     	
1           -0.279846   	73.4815     	439.806     	
1           -0.253845   	72.9095     	440.625     	
1           -0.681742   	72.3496     	441.334     	
1           -0.698758   	71.641      	442.04      	
1           -0.55574    	70.7933     	442.55      	
1           -0.637871   	70.0177     	443.176     	
1           -0.662368   	69.2347     	443.8       	
1           -0.764418   	68.2919     	444.112     	
1           -1.13464    	67.4278     	444.454     	
1           -1.55289    	66.5299     	444.309     	
1           -1.74308    	65.5487     	444.318     	
1           -1.97424    	64.5771     	444.313     	
1           -2.00684    	63.6793     	443.872     	
1           -1.99551    	62.6981     	443.676     	
1           -1.65822    	61.8097     	443.368     	
1           -1.36144    	60.912      	443.042     	
1           -1.08148    	60.0618     	442.596     	
1           -0.753264   	59.3247     	442.003     	
1           -0.357586   	58.7635     	441.278     	
1           0.165316    	58.5175     	440.461     	
1           0.449367    	58.0242     	439.638     	
1           0.395534    	57.1824     	439.103     	
1           0.0451439   	56.4635     	438.501     	
1           0.0266501   	55.6413     	437.932     	
1           -0.273789   	54.9007     	437.333     	
1           -0.28997    	54.1194     	436.71      	
1           0.274645    	53.6957     	435.999     	
1           0.505397    	52.8693     	435.487     	
1           0.834943    	52.5263     	434.608     	
1           0.878236    	52.3359     	433.626     	
1           0.787453    	52.2864     	432.632     	
1           0.932872    	52.6053     	431.695     	
1           0.950699    	52.849      	430.726     	
1           0.926718    	53.3128     	429.839     	
1           1.27906     	53.3721     	428.905     	
1           1.4322      	53.8279     	428.029     	
1           1.51552     	54.4404     	427.243     	
1           1.40865     	55.3612     	426.866     	
1           1.35232     	56.0897     	426.185     	
1           1.60758     	56.8611     	425.602     	
1           2.03869     	57.5972     	425.082     	
1           2.60808     	58.3535     	424.753     	
1           3.2791      	59.088      	424.842     	
1           4.02288     	59.6251     	424.443     	
1           4.63218     	60.2524     	423.959     	
1           4.659       	61.2091     	423.669     	
1           4.67655     	62.1767     	423.417     	
1           4.77884     	63.1723     	423.441     	
1           5.38781     	63.9616     	423.501     	
1           5.98587     	64.5975     	423.989     	
1           6.41075     	65.2651     	424.601     	
1           6.67862     	66.0633     	425.141     	
1           6.66225     	66.8093     	425.807     	
1           7.11147     	67.5642     	426.284     	
1           7.47907     	68.4922     	426.224     	
1           7.54679     	69.3166     	425.661     	
1           7.52735     	70.0066     	424.938     	
1           7.63833     	70.7715     	424.304     	
1           7.27427     	71.4559     	423.671     	
1           6.83945     	72.1189     	423.063     	
1           6.62188     	72.1902     	422.089     	
1           6.20264     	72.3721     	421.2       	
1           5.75047     	72.2772     	420.314     	
1           5.17352     	72.1387     	419.507     	
1           4.81453     	71.6815     	418.695     	
1           4.75329     	71.1202     	417.87      	
1           4.67326     	70.1496     	417.642     	
1           4.28684     	69.2431     	417.808     	
1           3.94711     	68.5238     	418.417     	
1           3.5303      	67.7771     	418.933     	
1           3.28364     	67.5232     	419.868     	
1           2.97387     	67.5394     	420.82      	
1           2.85356     	67.6373     	421.808     	
1           2.65621     	67.9025     	422.751     	
1           3.28624     	67.9726     	423.525     	
1           3.39045     	68.2111     	424.489     	
1           3.67685     	68.6389     	425.348     	
1           3.61626     	68.91       	426.307     	
1           3.89727     	69.3425     	427.164     	
1           4.23748     	70.0583     	427.775     	
1           4.47469     	70.9333     	428.197     	
1           4.83385     	71.8149     	428.508     	
1           5.12771     	72.7672     	428.433     	
1           4.80961     	73.6563     	428.764     	
1           4.44192     	74.5437     	429.036     	
1           4.09275     	75.4791     	429.106     	
1           3.83911     	76.3543     	429.517     	
1           3.58735     	77.2803     	429.795     	
1           3.12049     	77.7621     	430.538     	
1           2.60976     	78.3419     	431.174     	
1           1.79992     	78.9225     	431.263     	
1           1.41842     	79.6846     	430.742     	
1           1.24546     	80.511      	430.207     	
1           1.13361     	81.3895     	429.742     	
1           1.05928     	82.3429     	429.447     	
1           0.846713    	83.0808     	428.806     	
1           1.22731     	83.7466     	428.165     	
1           0.888252    	84.4931     	427.592     	
1           0.495662    	84.808      	426.727     	
1           0.316881    	84.7917     	425.744     	
1           0.57266     	85.0966     	424.828     	
1           0.391969    	85.9514     	424.34      	
1           0.318615    	86.7879     	423.796     	
1           0.804706    	87.615      	423.512     	
1           1.32323     	88.0228     	422.761     	
1           2.14596     	88.4306     	422.366     	
1           2.69788     	89.1512     	421.947     	
1           3.54865     	89.5162     	421.569     	
1           4.1233      	90.3333     	421.514     	
1           4.87234     	90.9874     	421.613     	
1           5.56701     	91.5907     	422.008     	
1           6.01496     	92.0307     	422.785     	
1           6.62563     	92.578      	423.359     	
1           7.25514     	92.8366     	424.092     	
1           7.27985     	92.9672     	425.083     	
1           6.9529      	93.1777     	426.003     	
1           6.78352     	93.6579     	426.865     	
1           6.36555     	94.254      	427.55      	
1           5.77347     	94.4373     	428.336     	
1           4.87351     	94.3222     	428.753     	
1           4.04421     	94.3856     	429.309     	
1           3.29032     	93.9115     	429.763     	
1           2.66158     	93.3282     	430.276     	
1           1.7024      	93.1404     	430.487     	
1           0.852455    	92.6138     	430.456     	
1           0.0991943   	92.2224     	430.984     	
1           -0.445357   	91.5736     	431.517     	
1           -0.871086   	90.9905     	432.208     	
1           -1.04176    	90.4908     	433.058     	
1           -1.21125    	89.7333     	433.689     	
1           -1.66268    	88.9991     	434.196     	
1           -1.91471    	88.0502     	434.388     	
1           -1.58103    	87.1219     	434.542     	
1           -1.43961    	86.347      	435.16      	
1           -1.27079    	86.4233     	436.142     	
1           -1.26487    	86.7863     	437.074     	
1           -1.18552    	87.3822     	437.873     	
1           -0.982091   	88.0928     	438.546     	
1           -0.824856   	89.0382     	438.832     	
1           -0.873043   	89.9135     	439.314     	
1           -0.820025   	90.9105     	439.338     	
1           -1.45775    	91.5805     	439.721     	
1           -2.28315    	92.0362     	440.053     	
1           -2.88588    	92.451      	440.735     	
1           -3.24116    	92.8686     	441.571     	
1           -3.71557    	93.4053     	442.27      	
1           -3.97822    	93.9531     	443.063     	
1           -4.62283    	94.4534     	443.642     	
1           -5.04593    	94.8333     	444.465     	
1           -5.31082    	95.1743     	445.367     	
1           -5.54023    	95.4575     	446.298     	
1           -5.73322    	96.0716     	447.063     	
1           -6.32117    	96.5172     	447.738     	
1           -6.89084    	96.7454     	448.528     	
1           -7.16004    	97.3074     	449.31      	
1           -7.64053    	97.9619     	449.894     	
1           -8.31132    	98.5172     	450.385     	
1           -9.04595    	99.1943     	450.429     	
1           -9.54667    	100.051     	450.549     	
1           -9.60671    	101.039     	450.406     	
1           -9.8506     	101.888     	449.937     	
1           -9.59313    	102.734     	449.47      	
1           -9.36806    	103.562     	448.957     	
1           -9.01986    	104.221     	448.29      	
1           -8.68685    	105.114     	447.987     	
1           -8.39153    	106.003     	447.636     	
1           -8.2098     	106.637     	446.884     	
1           -8.02015    	107.556     	446.54      	
1           -7.994      	108.2       	445.775     	
1           -8.09115    	109.059     	445.273     	
1           -8.39134    	109.981     	445.519     	
1           -8.71712    	110.926     	445.483     	
1           -9.43418    	111.558     	445.191     	
1           -10.0014    	112.341     	444.934     	
1           -10.4169    	113.247     	445.011     	
1           -10.5494    	114.218     	444.812     	
1           -10.7397    	114.944     	444.151     	
1           -11.0688    	115.568     	443.442     	
1           -11.4972    	116.23      	442.827     	
1           -12.1275    	117.006     	442.822     	
1           -12.552     	117.907     	442.907     	
1           -13.2704    	118.33      	443.46      	
1           -13.8041    	118.649     	444.243     	
1           -13.7887    	119.386     	444.919     	
1           -13.2968    	119.515     	445.78      	
1           -13.3523    	119.841     	446.724     	
1           -13.3223    	120.231     	447.644     	
1           -13.684     	120.95      	448.237     	
1           -14.144     	121.752     	448.619     	
1           -14.8464    	122.422     	448.859     	
1           -15.6361    	122.967     	449.141     	
1           -15.7296    	123.669     	449.847     	
1           -16.1262    	124.583     	449.935     	
1           -16.1527    	125.416     	450.487     	
1           -16.3545    	126.017     	451.261     	
1           -16.5823    	126.407     	452.153     	
1           -17.3098    	126.535     	452.827     	
1           -18.0864    	126.94      	453.31      	
1           -18.5906    	127.429     	454.021     	
1           -18.9143    	128.093     	454.696     	
1           -18.8091    	128.266     	455.675     	
1           -18.9661    	128.163     	456.657     	
1           -19.506     	128.497     	457.43      	
1           -19.9519    	128.438     	458.323     	
1           -20.2302    	127.693     	458.93      	
1           -20.7345    	127.188     	459.63      	
1           -21.173     	126.688     	460.377     	
1           -21.6207    	126.459     	461.242     	
1           -22.2869    	126.162     	461.925     	
1           -22.9697    	125.808     	462.565     	
1           -23.7906    	125.398     	462.962     	
1           -24.517     	124.933     	463.468     	
1           -24.9674    	124.436     	464.21      	
1           -25.7077    	124.229     	464.85      	
1           -26.519     	124.027     	465.398     	
1           -26.9368    	123.687     	466.241     	
1           -27.3401    	123.713     	467.156     	
1           -27.4981    	123.44      	468.105     	
1           -27.4443    	122.672     	468.743     	
1           -27.8066    	121.95      	469.333     	
1           -28.4804    	121.313     	469.707     	
1           -28.9633    	120.562     	470.158     	
1           -28.6393    	119.831     	470.758     	
1           -28.0551    	119.207     	471.277     	
1           -27.3382    	119.046     	471.955     	
1           -26.6153    	119.22      	472.624     	
1           -26.0202    	119.706     	473.265     	
1           -25.2196    	120.283     	473.425     	
1           -24.9246    	121.151     	473.024     	
1           -24.2866    	121.442     	472.311     	
1           -23.3485    	121.674     	472.054     	
1           -22.4032    	121.869     	471.793     	
1           -21.9938    	122.138     	470.921     	
1           -21.2518    	122.227     	470.257     	
1           -20.6202    	121.832     	469.59      	
1           -20.0537    	121.151     	469.126     	
1           -19.6628    	120.574     	468.409     	
1           -19.1367    	119.961     	467.82      	
1           -19.0013    	119.328     	467.057     	
1           -19.1502    	118.536     	466.465     	
1           -18.8944    	117.928     	465.714     	
1           -18.5085    	117.267     	465.07      	
1           -18.2691    	116.671     	464.304     	
1           -18.3356    	115.683     	464.165     	
1           -18.6902    	115.262     	463.33      	
1           -19.3192    	115.103     	462.569     	
1           -20.2109    	114.827     	462.21      	
1           -21.0147    	114.318     	461.902     	
1           -21.4269    	113.418     	461.758     	
1           -21.4748    	112.42      	461.774     	
1           -21.3341    	111.468     	462.046     	
1           -21.2378    	110.497     	462.265     	
1           -20.8786    	109.578     	462.1       	
1           -20.9207    	108.638     	461.761     	
1           -20.7459    	107.685     	461.516     	
1           -20.3929    	106.75      	461.547     	
1           -20.0738    	105.863     	461.214     	
1           -19.5684    	105.013     	461.064     	
1           -18.7769    	104.423     	460.902     	
1           -17.8031    	104.209     	460.826     	
1           -17.0638    	103.773     	460.313     	
1           -16.2898    	103.328     	459.862     	
1           -15.462     	102.826     	459.612     	
1           -14.8624    	102.072     	459.345     	
1           -14.6137    	101.278     	458.791     	
1           -14.3182    	100.359     	458.529     	
1           -13.568     	99.7018     	458.603     	
1           -12.6662    	99.2999     	458.762     	
1           -11.7211    	98.9733     	458.776     	
1           -10.8297    	98.5284     	458.689     	
1           -9.878      	98.3209     	458.915     	
1           -8.95726    	98.688      	459.048     	
1           -7.96637    	98.6055     	459.153     	
1           -7.03506    	98.2667     	459.288     	
1           -6.42774    	97.549      	459.629     	
1           -5.97209    	96.7125     	459.933     	
1           -5.41587    	95.962      	460.289     	
1           -4.92491    	95.0947     	460.206     	
1           -4.55464    	94.2137     	459.911     	
1           -4.12124    	93.4227     	459.48      	
1           -3.64704    	92.5919     	459.188     	
1           -3.00701    	91.8272     	459.112     	
1           -2.29455    	91.3084     	459.585     	
1           -2.01846    	90.3559     	459.714     	
1           -1.9639     	89.3679     	459.57      	
1           -1.83271    	88.3872     	459.714     	
1           -1.41452    	87.48       	459.762     	
1           -0.853038   	86.7225     	460.095     	
1           0.00831986  	86.418      	460.502     	
1           0.902035    	86.0771     	460.793     	
1           1.82755     	85.7164     	460.677     	
1           2.68779     	85.2072     	460.706     	
1           3.46385     	84.5965     	460.863     	
1           4.15072     	83.8859     	461.015     	
1           4.88539     	83.2422     	461.23      	
1           5.74305     	82.7378     	461.33      	
1           6.52334     	82.1424     	461.139     	
1           7.36505     	81.6237     	460.989     	
1           7.94951     	80.8219     	460.865     	
1           8.35755     	79.9278     	460.68      	
1           8.64471     	78.9769     	460.565     	
1           8.56377     	78.2814     	459.851     	
1           8.39861     	77.7355     	459.029     	
1           8.42956     	77.4038     	458.086     	
1           8.68312     	77.3602     	457.12      	
1           8.70791     	77.4595     	456.125     	
1           8.78722     	77.6078     	455.14      	
1           9.03868     	77.5637     	454.173     	
1           9.52705     	77.8018     	453.333     	
1           9.79393     	78.0429     	452.4       	
1           9.82468     	78.3476     	451.448     	
1           9.67776     	78.6623     	450.51      	
1           9.4516      	79.1746     	449.682     	
1           8.72832     	79.6772     	449.208     	
1           8.10972     	80.2578     	448.679     	
1           7.20038     	80.58       	448.416     	
1           6.30148     	80.9854     	448.25      	
1           5.61727     	81.7048     	448.13      	
1           5.3459      	82.6669     	448.105     	
1           4.89295     	83.5581     	448.129     	
1           4.69024     	84.485      	447.813     	
1           4.85201     	85.4541     	447.627     	
1           5.32066     	86.0569     	446.981     	
1           6.04009     	86.345      	446.349     	
1           6.5814      	86.6444     	445.563     	
1           6.96123     	87.2459     	444.861     	
1           7.70814     	87.2632     	444.196     	
1           8.44593     	87.2651     	443.521     	
1           9.09562     	87.4291     	442.779     	
1           9.69623     	87.6656     	442.015     	
1           10.2141     	87.9303     	441.201     	
1           10.3136     	88.5062     	440.39      	
1           10.2962     	89.3734     	439.892     	
1           10.2676     	90.2351     	439.386     	
1           10.002      	91.1487     	439.693     	
1           9.95619     	92.1445     	439.774     	
1           9.94301     	93.1434     	439.819     	
1           9.87268     	94.1279     	439.979     	
1           9.67267     	94.9958     	440.434     	
1           9.53836     	95.7536     	441.073     	
1           9.18101     	96.3928     	441.753     	
1           9.13888     	97.0837     	442.475     	
1           8.55638     	97.8499     	442.747     	
1           8.0357      	98.4473     	443.356     	
1           7.59766     	99.1532     	443.913     	
1           6.87742     	99.457      	444.537     	
1           6.25835     	100.2       	444.793     	
1           5.38694     	100.657     	444.969     	
1           4.38941     	100.673     	445.035     	
1           3.40003     	100.554     	445.119     	
1           2.4591      	100.399     	444.818     	
1           2.03873     	100.506     	443.917     	
1           1.49815     	100.848     	443.148     	
1           1.12515     	101.072     	442.248     	
1           0.984905    	101.273     	441.278     	
1           0.542439    	101.848     	440.59      	
1           0.286815    	102.458     	439.84      	
1           0.208377    	102.797     	438.902     	
1           0.503203    	102.466     	438.006     	
1           1.03435     	101.943     	437.339     	
1           1.31629     	101.125     	436.839     	
1           1.47197     	100.434     	436.133     	
1           1.47701     	99.9223     	435.274     	
1           1.52765     	99.5248     	434.357     	
1           1.48789     	99.467      	433.36      	
1           1.85682     	98.8913     	432.63      	
1           2.30769     	98.5626     	431.8       	
1           2.77808     	97.9424     	431.173     	
1           3.29113     	97.089      	431.07      	
1           3.80271     	96.2399     	430.94      	
1           4.25015     	95.386      	430.68      	
1           4.38744     	94.4503     	430.352     	
1           4.50116     	93.473      	430.173     	
1           4.76313     	92.5117     	430.262     	
1           4.98179     	91.5432     	430.146     	
1           5.4252      	90.684      	429.893     	
1           6.11579     	89.9823     	430.072     	
1           6.83896     	89.3775     	430.404     	
1           7.75307     	89.1081     	430.71      	
1           8.71519     	88.9627     	430.934     	
1           9.7046      	88.8795     	431.066     	
1           10.6849     	88.7584     	431.217     	
1           11.5559     	88.8594     	431.7       	
1           12.4623     	88.9381     	432.114     	
1           13.2749     	89.1673     	432.649     	
1           14.2086     	89.5101     	432.747     	
1           15.0997     	89.9603     	432.805     	
1           15.7039     	90.6519     	433.199     	
1           16.3034     	91.4531     	433.181     	
1           17.2412     	91.2447     	433.459     	
1           18.1799     	91.3851     	433.772     	
1           19.009      	91.6238     	434.28      	
1           19.3519     	92.2037     	435.017     	
1           20.0023     	92.8092     	435.476     	
1           20.0033     	93.6473     	436.022     	
1           19.5735     	94.5321     	436.201     	
1           18.9468     	95.31       	436.174     	
1           18.3248     	96.095      	436.146     	
1           17.4567     	96.5728     	436.022     	
1           16.7524     	97.271      	436.15      	
1           16.4499     	98.2217     	436.078     	
1           15.7339     	98.8367     	435.746     	
1           15.4263     	99.7851     	435.823     	
1           15.4155     	100.713     	436.193     	
1           15.228      	101.486     	436.801     	
1           15.0829     	102.157     	437.528     	
1           15.1047     	102.94      	438.149     	
1           14.6803     	103.528     	438.837     	
1           13.9028     	103.831     	439.386     	
1           12.925      	103.853     	439.602     	
1           11.9725     	103.918     	439.899     	
1           11.0889     	103.519     	440.143     	
1           10.3907     	102.987     	440.623     	
1           10.0407     	102.202     	441.134     	
1           9.65255     	101.435     	441.645     	
1           9.18934     	100.581     	441.409     	
1           8.7947      	99.7052     	441.129     	
1           8.2622      	98.8731     	441.279     	
1           7.60674     	98.2484     	440.856     	
1           6.8979      	97.667      	440.452     	
1           6.11316     	97.0512     	440.507     	
1           5.24417     	96.5698     	440.63      	
1           4.38266     	96.08       	440.507     	
1           3.59768     	95.4684     	440.399     	
1           2.74563     	94.9467     	440.407     	
1           1.75783     	94.8954     	440.557     	
1           0.915784    	94.3615     	440.492     	
1           -0.0197849  	94.0195     	440.392     	
1           -0.450302   	93.3303     	439.81      	
1           -0.766558   	92.8923     	438.968     	
1           -1.22687    	92.3387     	438.276     	
1           -1.1431     	91.7562     	437.466     	
1           -0.904917   	90.9355     	436.947     	
1           -0.636072   	90.5266     	436.074     	
1           -0.2587     	90.0718     	435.27      	
1           -0.298401   	89.6575     	434.359     	
1           -0.15519    	89.3558     	433.417     	
1           -0.157631   	89.7304     	432.49      	
1           -0.469781   	90.0096     	431.581     	
1           -0.397846   	90.3349     	430.638     	
1           -0.228956   	90.321      	429.653     	
1           -0.242625   	90.6413     	428.706     	
1           -0.47257    	91.1994     	427.908     	
1           -0.355413   	91.8869     	427.193     	
1           -0.119888   	92.7662     	426.778     	
1           -0.143019   	93.5383     	426.141     	
1           -0.416412   	94.2798     	425.527     	
1           -0.957074   	94.5552     	424.734     	
1           -1.73767    	94.5265     	424.109     	
1           -2.06057    	93.7369     	423.588     	
1           -2.08872    	92.8164     	423.196     	
1           -2.00317    	92.144      	422.461     	
1           -2.14513    	91.4712     	421.735     	
1           -2.31505    	90.6306     	421.221     	
1           -1.98597    	89.936      	420.582     	
1           -1.90332    	89.0974     	420.044     	
1           -2.01102    	88.2902     	419.462     	
1           -1.89611    	87.5713     	418.777     	
1           -2.41088    	87.1487     	418.031     	
1           -3.37792    	87.1645     	417.777     	
1           -3.71387    	87.427      	416.872     	
1           -3.71689    	87.7563     	415.929     	
1           -3.86724    	87.8057     	414.941     	
1           -4.15999    	87.6047     	414.006     	
1           -3.99936    	87.4007     	413.041     	
1           -3.67231    	87.6585     	412.131     	
1           -3.48731    	88.5394     	411.697     	
1           -3.37015    	89.5149     	411.511     	
1           -2.59547    	90.1323     	411.366     	
1           -1.96402    	90.869      	411.128     	
1           -1.68061    	91.8255     	411.046     	
1           -1.35588    	92.769      	411.003     	
1           -0.757373   	93.5272     	410.744     	
1           -0.281115   	94.3481     	410.426     	
1           0.51242     	94.9448     	410.541     	
1           1.19392     	95.0606     	411.264     	
1           2.11311     	94.7637     	411.521     	
1           3.0794      	94.7034     	411.773     	
1           4.00663     	94.3302     	411.74      	
1           4.90879     	93.9834     	411.487     	
1           5.90708     	93.9344     	411.529     	
1           6.84881     	94.0729     	411.835     	
1           7.81117     	93.8321     	411.958     	
1           8.59562     	93.2288     	412.11      	
1           9.3597      	92.6312     	411.866     	
1           10.2973     	92.2931     	411.801     	
1           11.0765     	91.7294     	412.078     	
1           11.9361     	91.2352     	412.205     	
1           12.5025     	90.7351     	412.859     	
1           12.8108     	90.3316     	413.722     	
1           12.5913     	89.8809     	414.587     	
1           12.2079     	89.1974     	415.208     	
1           11.2921     	89.2328     	415.607     	
1           10.6793     	88.5718     	416.041     	
1           10.1209     	87.8142     	416.378     	
1           9.8315      	87.1404     	417.058     	
1           9.37229     	86.3236     	417.408     	
1           8.98366     	85.4128     	417.262     	
1           8.50681     	84.5549     	417.074     	
1           8.14926     	83.6897     	417.423     	
1           8.01355     	82.7459     	417.727     	
1           8.03466     	81.7644     	417.915     	
1           8.1334      	80.7969     	418.15      	
1           7.86216     	79.9981     	418.688     	
1           7.50957     	79.3547     	419.366     	
1           6.62325     	78.9555     	419.602     	
1           5.96966     	78.2443     	419.863     	
1           4.98637     	78.0742     	419.801     	
1           4.01607     	77.9857     	420.021     	
1           3.15931     	78.4764     	420.186     	
1           2.85578     	79.3555     	420.554     	
1           2.68106     	80.1041     	421.192     	
1           2.50482     	81.0203     	421.555     	
1           2.43913     	81.9455     	421.925     	
1           2.58749     	82.7878     	422.444     	
1           2.74814     	83.5937     	423.013     	
1           2.56544     	84.4719     	423.457     	
1           2.63592     	85.2699     	424.055     	
1           2.6774      	85.579      	425.005     	
1           2.09249     	86.072      	425.65      	
1           1.44375     	86.7772     	425.934     	
1           0.520754    	87.095      	425.712     	
1           -0.461939   	87.0682     	425.529     	
1           -1.3729     	87.0206     	425.119     	
1           -2.1874     	86.5155     	424.835     	
1           -2.91198    	85.8259     	424.847     	
1           -3.7236     	85.3541     	424.503     	
1           -3.98016    	85.2725     	423.541     	
1           -4.27582    	84.8945     	422.662     	
1           -4.91233    	84.6866     	421.919     	
1           -5.55867    	84.313      	421.253     	
1           -5.96237    	84.2427     	420.343     	
1           -6.77455    	83.8693     	419.895     	
1           -7.10954    	83.9243     	418.954     	
1           -6.86745    	83.6113     	418.035     	
1           -6.99416    	83.4652     	417.054     	
1           -7.22116    	83.3619     	416.085     	
1           -7.43362    	83.3075     	415.109     	
1           -7.89438    	82.9745     	414.287     	
1           -8.0543     	82.6195     	413.366     	
1           -8.43091    	82.5868     	412.441     	
1           -9.09857    	82.2845     	411.76      	
1           -9.55936    	82.2301     	410.874     	
1           -9.75346    	82.5702     	409.954     	
1           -9.83791    	82.8162     	408.989     	
1           -9.91482    	83.3928     	408.175     	
1           -9.49623    	83.7243     	407.33      	
1           -9.2349     	83.7599     	406.365     	
1           -8.44956    	83.6019     	405.765     	
1           -7.97562    	83.1885     	404.988     	
1           -7.15868    	82.7528     	404.613     	
1           -6.33775    	82.2322     	404.379     	
1           -5.45852    	81.7719     	404.502     	
1           -4.58213    	81.83       	404.982     	
1           -3.87794    	82.0685     	405.65      	
1           -3.41774    	82.3919     	406.477     	
1           -2.9555     	83.0172     	407.107     	
1           -2.78107    	83.6986     	407.817     	
1           -2.85514    	84.0991     	408.729     	
1           -2.6562     	83.9475     	409.697     	
1           -2.94345    	83.9444     	410.657     	
1           -3.06634    	84.0747     	411.64      	
1           -2.89532    	84.0744     	412.626     	
1           -2.60914    	84.1801     	413.578     	
1           -2.07537    	84.0432     	414.413     	
1           -1.4811     	83.9609     	415.212     	
1           -1.40172    	83.8797     	416.205     	
1           -0.765978   	83.8158     	416.974     	
1           -0.408242   	84.1106     	417.861     	
1           0.240736    	84.5424     	418.488     	
1           0.899075    	85.1771     	418.892     	
1           1.6887      	85.778      	419.007     	
1           2.12083     	86.3345     	419.719     	
1           2.69274     	86.7142     	420.445     	
1           3.0041      	87.0084     	421.348     	
1           3.29815     	87.2207     	422.281     	
1           3.25303     	87.27       	423.278     	
1           3.49174     	87.2389     	424.248     	
1           3.58622     	87.0378     	425.223     	
1           3.56726     	86.696      	426.163     	
1           3.26334     	86.2362     	426.998     	
1           2.72198     	85.9639     	427.794     	
1           1.87517     	85.5693     	428.148     	
1           1.14539     	85.2267     	428.742     	
1           0.190921    	85.2813     	429.031     	
1           -0.749938   	85.2068     	429.362     	
1           -1.67144    	85.1288     	429.741     	
1           -2.64491    	84.9812     	429.92      	
1           -3.5608     	84.5817     	429.959     	
1           -4.55491    	84.4719     	429.965     	
1           -5.21565    	83.7351     	430.105     	
1           -6.02916    	83.4268     	430.597     	
1           -6.80977    	82.8555     	430.852     	
1           -7.625      	82.3182     	431.074     	
1           -8.1717     	81.5465     	431.396     	
1           -8.19335    	80.7591     	432.014     	
1           -8.13316    	79.8321     	432.382     	
1           -8.01572    	78.9137     	432.76      	
1           -8.33174    	77.9677     	432.691     	
1           -8.88705    	77.1483     	432.55      	
1           -9.67385    	76.7131     	432.112     	
1           -10.3393    	76.0461     	431.777     	
1           -11.1343    	75.5764     	431.393     	
1           -11.6427    	74.7269     	431.252     	
1           -12.0489    	73.8478     	431.004     	
1           -12.6802    	73.1196     	430.741     	
1           -13.0224    	72.2026     	430.953     	
1           -12.9119    	71.2253     	430.775     	
1           -13.3553    	70.3376     	430.889     	
1           -13.7698    	69.4396     	430.732     	
1           -14.0571    	68.5066     	430.95      	
1           -14.0542    	67.633      	431.437     	
1           -14.1462    	66.6596     	431.647     	
1           -14.229     	65.7017     	431.916     	
1           -13.8663    	64.7729     	431.82      	
1           -13.5109    	63.9336     	431.409     	
1           -13.4893    	62.989      	431.081     	
1           -13.606     	62.0011     	430.987     	
1           -14.0038    	61.1254     	430.716     	
1           -14.6925    	60.4927     	430.359     	
1           -14.5974    	59.5169     	430.16      	
1           -14.3978    	58.5679     	429.919     	
1           -14.2392    	57.5885     	429.795     	
1           -14.2928    	56.5952     	429.902     	
1           -14.647     	55.7018     	430.177     	
1           -15.435     	55.1312     	430.407     	
1           -16.064     	54.4342     	430.753     	
1           -16.7524    	53.7096     	430.722     	
1           -17.4029    	52.9592     	430.831     	
1           -18.1344    	52.408      	430.429     	
1           -19.06      	52.3796     	430.051     	
1           -19.9174    	52.3123     	429.54      	
1           -20.7473    	51.8367     	429.246     	
1           -21.6301    	51.3687     	429.25      	
1           -22.5113    	50.9006     	429.304     	
1           -23.4285    	50.6913     	428.964     	
1           -24.2474    	50.1639     	428.736     	
1           -24.9143    	49.435      	428.586     	
1           -25.3695    	48.5443     	428.552     	
1           -25.9892    	47.7949     	428.786     	
1           -26.5864    	47.0044     	428.652     	
1           -27.007     	46.1072     	428.524     	
1           -27.6333    	45.3599     	428.751     	
1           -28.1316    	44.6442     	429.24      	
1           -28.7515    	44.1571     	429.855     	
1           -29.25      	43.5733     	430.495     	
1           -29.074     	42.8414     	431.154     	
1           -29.031     	42.0755     	431.795     	
1           -28.87      	41.5811     	432.651     	
1           -28.8571    	41.4341     	433.639     	
1           -28.9621    	41.1118     	434.58      	
1           -29.3355    	41.2462     	435.499     	
1           -29.3969    	41.0065     	436.467     	
1           -29.8529    	41.1725     	437.342     	
1           -30.2636    	41.3016     	438.244     	
1           -30.6406    	41.156      	439.158     	
1           -31.5038    	41.411      	439.593     	
1           -32.2712    	42.0023     	439.84      	
1           -32.669     	42.8565     	440.177     	
1           -33.2069    	43.4489     	440.776     	
1           -33.841     	44.0945     	441.2       	
1           -34.6912    	44.526      	441.503     	
1           -35.4629    	45.1619     	441.503     	
1           -36.2364    	45.7837     	441.387     	
1           -37.1287    	46.2212     	441.272     	
1           -38.1052    	46.3828     	441.122     	
1           -39.0063    	46.529      	440.715     	
1           -39.9017    	46.5498     	440.27      	
1           -40.7229    	46.4249     	439.713     	
1           -41.4697    	46.6009     	439.074     	
1           -42.0603    	46.8884     	438.318     	
1           -42.6308    	47.3476     	437.638     	
1           -43.0339    	47.7974     	436.84      	
1           -43.2124    	48.1352     	435.917     	
1           -42.9094    	48.4624     	435.021     	
1           -42.7921    	48.2743     	434.045     	
1           -42.4159    	47.6132     	433.398     	
1           -42.5063    	47.0788     	432.556     	
1           -43.1403    	46.6139     	431.938     	
1           -43.9476    	46.6119     	431.348     	
1           -44.3747    	46.7393     	430.454     	
1           -44.8551    	46.3404     	429.673     	
1           -45.2242    	45.8245     	428.9       	
1           -45.3821    	45.305      	428.06      	
1           -45.5972    	44.6451     	427.34      	
1           -45.4635    	44.0709     	426.532     	
1           -45.0794    	43.8649     	425.632     	
1           -44.5786    	43.457      	424.868     	
1           -43.9363    	42.9624     	424.283     	
1           -43.6619    	42.9629     	423.321     	
1           -43.1821    	42.5198     	422.564     	
1           -42.7454    	42.0862     	421.776     	
1           -42.6674    	41.2966     	421.168     	
1           -42.5428    	40.631      	420.431     	
1           -41.9578    	40.2882     	419.697     	
1           -41.5627    	40.3682     	418.781     	
1           -40.9658    	39.963      	418.089     	
1           -40.4974    	39.4663     	417.358     	
1           -39.5772    	39.6953     	417.045     	
1           -38.8657    	39.9261     	416.381     	
1           -38.0349    	39.7802     	415.842     	
1           -37.0661    	40.0229     	415.793     	
1           -36.5259    	40.7159     	416.268     	
1           -36.1031    	41.2554     	416.997     	
1           -35.978     	41.839      	417.798     	
1           -35.8267    	41.9362     	418.782     	
1           -35.9379    	41.9959     	419.775     	
1           -36.0351    	42.1243     	420.762     	
1           -36.0404    	42.8933     	421.402     	
1           -36.4179    	43.4684     	422.128     	
1           -37.0067    	43.4717     	422.936     	
1           -37.4479    	44.0483     	423.623     	
1           -37.7793    	43.934      	424.559     	
1           -38.0096    	43.4381     	425.397     	
1           -37.8229    	43.4426     	426.379     	
1           -37.9984    	43.5757     	427.355     	
1           -38.1578    	43.3925     	428.325     	
1           -37.8835    	42.837      	429.11      	
1           -38.0862    	42.1388     	429.797     	
1           -38.453     	41.5283     	430.498     	
1           -39.0463    	40.9313     	431.038     	
1           -39.3142    	40.4872     	431.893     	
1           -39.5424    	39.9887     	432.729     	
1           -39.9638    	39.6254     	433.56      	
1           -40.0554    	38.8492     	434.184     	
1           -39.9471    	38.011      	434.718     	
1           -39.5922    	37.0857     	434.846     	
1           -39.1019    	36.3276     	434.414     	
1           -39.385     	35.7776     	433.628     	
1           -39.3685    	35.5442     	432.656     	
1           -39.5334    	35.7007     	431.682     	
1           -39.3492    	35.7199     	430.699     	
1           -39.0147    	35.9373     	429.783     	
1           -38.8682    	36.3513     	428.884     	
1           -38.6435    	36.6692     	427.963     	
1           -38.0544    	36.8496     	427.175     	
1           -37.4771    	36.5976     	426.399     	
1           -36.907     	36.0444     	425.79      	
1           -36.0277    	35.8091     	425.378     	
1           -35.1948    	36.2866     	425.099     	
1           -34.4543    	36.9497     	424.99      	
1           -34.1067    	37.8181     	424.636     	
1           -33.5336    	38.6121     	424.429     	
1           -32.9204    	39.3522     	424.157     	
1           -32.5638    	40.1635     	424.622     	
1           -32.0541    	40.8051     	425.194     	
1           -31.3065    	41.2827     	425.655     	
1           -30.5821    	41.9236     	425.91      	
1           -29.7633    	42.1306     	426.444     	
1           -29.2196    	42.1799     	427.282     	
1           -28.3092    	42.4009     	427.633     	
1           -27.3535    	42.5214     	427.905     	
1           -26.4358    	42.5738     	428.297     	
1           -25.7678    	43.0149     	428.897     	
1           -25.0117    	43.3487     	429.459     	
1           -24.1731    	43.5884     	429.95      	
1           -23.2912    	43.4688     	430.406     	
1           -22.6397    	43.2128     	431.12      	
1           -22.0635    	42.6314     	431.694     	
1           -21.3632    	41.9308     	431.831     	
