1000

1           121.71      	-21.8831    	398.499     	
1           121.991     	-21.0884    	399.037     	
1           122.397     	-20.1802    	398.938     	
1           122.819     	-19.2775    	399.032     	
1           123.176     	-18.3753    	399.269     	
1           123.8       	-17.603     	399.15      	
1           124.647     	-17.1112    	398.945     	
1           125.55      	-16.6977    	398.825     	
1           126.331     	-16.1213    	399.066     	
1           126.939     	-15.4027    	398.73      	
1           126.932     	-14.6549    	398.065     	
1           126.83      	-13.7777    	397.596     	
1           127.15      	-12.9323    	397.167     	
1           127.095     	-12.0513    	396.697     	
1           127.35      	-11.2507    	396.156     	
1           127.73      	-10.5063    	395.608     	
1           127.824     	-9.9791     	394.763     	
1           127.978     	-9.66814    	393.825     	
1           128.07      	-8.92755    	393.16      	
1           128.536     	-8.08809    	392.882     	
1           129.514     	-7.99534    	393.073     	
1           130.378     	-8.186      	393.538     	
1           131.31      	-8.37676    	393.849     	
1           132.15      	-8.9178     	393.866     	
1           133.075     	-9.13593    	394.179     	
1           133.948     	-9.31576    	394.632     	
1           134.729     	-9.7334     	395.096     	
1           135.073     	-10.2736    	395.864     	
1           135.159     	-10.5787    	396.812     	
1           135.153     	-10.9859    	397.726     	
1           134.621     	-11.2271    	398.537     	
1           134.308     	-11.4702    	399.456     	
1           133.881     	-12.1948    	399.996     	
1           133.755     	-13.003     	400.571     	
1           133.166     	-13.6638    	401.038     	
1           133.281     	-14.5189    	401.544     	
1           133.624     	-14.9014    	402.401     	
1           134.267     	-15.0008    	403.161     	
1           135.186     	-15.2217    	403.489     	
1           136.176     	-15.3341    	403.419     	
1           137.043     	-15.8001    	403.602     	
1           137.879     	-16.2668    	403.887     	
1           138.653     	-16.2284    	404.52      	
1           139.457     	-16.0041    	405.07      	
1           140.03      	-15.5114    	405.725     	
1           140.992     	-15.2362    	405.704     	
1           141.848     	-15.0685    	406.191     	
1           142.811     	-15.1378    	406.451     	
1           143.48      	-14.7716    	407.097     	
1           143.731     	-14.6081    	408.051     	
1           144.358     	-14.7496    	408.82      	
1           144.576     	-15.0882    	409.734     	
1           144.852     	-15.368     	410.653     	
1           145.206     	-16.0026    	411.341     	
1           145.62      	-16.535     	412.078     	
1           146.304     	-16.8891    	412.715     	
1           147.088     	-17.2762    	413.203     	
1           147.768     	-17.9043    	413.582     	
1           148.587     	-18.4629    	413.7       	
1           149.33      	-19.1243    	413.584     	
1           149.904     	-19.9417    	413.56      	
1           150.585     	-20.6531    	413.734     	
1           151.365     	-21.191     	414.053     	
1           152.135     	-21.5461    	414.582     	
1           152.876     	-21.943     	415.126     	
1           153.585     	-22.0022    	415.828     	
1           154.147     	-21.2662    	416.205     	
1           154.641     	-20.4914    	416.599     	
1           155.133     	-19.6474    	416.811     	
1           155.837     	-19.0045    	417.114     	
1           156.146     	-18.063     	416.979     	
1           156.527     	-17.1381    	416.991     	
1           156.362     	-16.2114    	416.652     	
1           156.563     	-15.2882    	416.326     	
1           156.729     	-14.4115    	415.874     	
1           157.061     	-14.1539    	414.967     	
1           157.645     	-14.4172    	414.198     	
1           158.329     	-14.7572    	413.552     	
1           158.9       	-15.1396    	412.826     	
1           159.743     	-15.4913    	412.42      	
1           160.56      	-15.8614    	411.979     	
1           161.135     	-16.4647    	411.425     	
1           161.508     	-17.3757    	411.246     	
1           162.323     	-17.9501    	411.193     	
1           162.933     	-18.7194    	411.391     	
1           163.759     	-19.2573    	411.555     	
1           164.448     	-19.9805    	411.577     	
1           165.226     	-20.5581    	411.327     	
1           166.059     	-21.0523    	411.074     	
1           166.911     	-21.3673    	410.657     	
1           167.75      	-21.4692    	410.123     	
1           168.366     	-21.4452    	409.335     	
1           169         	-21.3521    	408.568     	
1           169.494     	-20.9953    	407.774     	
1           169.576     	-20.6564    	406.838     	
1           169.904     	-20.1161    	406.062     	
1           169.988     	-20.1382    	405.066     	
1           170.51      	-19.922     	404.24      	
1           170.429     	-19.6043    	403.296     	
1           170.228     	-18.991     	402.532     	
1           169.894     	-18.3201    	401.87      	
1           169.813     	-17.455     	401.376     	
1           169.132     	-16.8637    	400.942     	
1           168.933     	-16.0316    	400.424     	
1           169.106     	-15.1691    	399.95      	
1           169.031     	-14.3146    	399.434     	
1           168.659     	-13.614     	398.828     	
1           168.305     	-12.7808    	398.4       	
1           168.271     	-11.7968    	398.225     	
1           168.315     	-10.8492    	397.911     	
1           168.375     	-9.84979    	397.913     	
1           168.824     	-8.97078    	398.072     	
1           169.362     	-8.18963    	398.389     	
1           169.659     	-7.23495    	398.407     	
1           170.134     	-6.35757    	398.338     	
1           170.207     	-5.37187    	398.187     	
1           170.192     	-4.40903    	397.917     	
1           170.275     	-3.42356    	397.771     	
1           169.691     	-2.62189    	397.637     	
1           169.05      	-1.93454    	397.296     	
1           168.368     	-1.24707    	397.049     	
1           167.719     	-0.488107   	396.983     	
1           166.81      	-0.169126   	396.715     	
1           165.82      	-0.0401232  	396.666     	
1           164.876     	-0.224351   	396.943     	
1           164.094     	-0.118591   	397.556     	
1           163.3       	0.0723756   	398.133     	
1           162.675     	-0.337612   	398.798     	
1           161.806     	-0.357097   	399.29      	
1           161.053     	-0.389062   	399.948     	
1           160.485     	-0.467403   	400.769     	
1           159.846     	-0.720974   	401.493     	
1           159.223     	-1.11661    	402.168     	
1           158.924     	-1.66327    	402.951     	
1           158.912     	-1.94852    	403.909     	
1           158.746     	-2.28692    	404.835     	
1           158.272     	-2.49442    	405.691     	
1           158.155     	-2.68261    	406.666     	
1           158.363     	-3.02027    	407.584     	
1           158.039     	-3.42548    	408.439     	
1           157.799     	-4.05944    	409.173     	
1           157.794     	-4.7585     	409.89      	
1           157.495     	-4.96685    	410.821     	
1           157.093     	-5.27274    	411.684     	
1           157.152     	-5.37912    	412.676     	
1           157.416     	-5.30313    	413.638     	
1           158.008     	-5.3264     	414.444     	
1           158.838     	-5.21973    	414.99      	
1           159.688     	-5.31506    	415.508     	
1           160.632     	-5.61645    	415.642     	
1           161.459     	-5.91001    	416.123     	
1           161.939     	-6.60437    	416.659     	
1           162.263     	-7.52654    	416.872     	
1           162.633     	-8.40961    	417.157     	
1           162.805     	-9.30867    	417.563     	
1           162.801     	-10.2118    	417.992     	
1           162.73      	-11.2084    	418.014     	
1           162.482     	-12.1492    	417.779     	
1           162.065     	-12.9844    	417.422     	
1           161.386     	-13.685     	417.205     	
1           160.554     	-14.2337    	417.301     	
1           159.599     	-14.5198    	417.346     	
1           158.758     	-14.6981    	417.857     	
1           157.994     	-15.2043    	418.259     	
1           157.357     	-15.6963    	418.852     	
1           156.659     	-15.7424    	419.567     	
1           156.218     	-15.6664    	420.461     	
1           155.828     	-15.4689    	421.362     	
1           155.888     	-15.4789    	422.36      	
1           156.351     	-14.9753    	423.088     	
1           156.647     	-14.5259    	423.931     	
1           157.051     	-14.1346    	424.758     	
1           157.29      	-13.1889    	424.974     	
1           157.682     	-12.2702    	424.916     	
1           157.978     	-11.3169    	424.85      	
1           158.433     	-10.5899    	424.337     	
1           159.123     	-10.1377    	423.772     	
1           159.844     	-9.75391    	423.193     	
1           160.15      	-8.96527    	422.662     	
1           160.388     	-8.06536    	422.294     	
1           160.788     	-7.15283    	422.208     	
1           160.913     	-6.16092    	422.21      	
1           161.196     	-5.20298    	422.164     	
1           161.262     	-4.50545    	422.877     	
1           162.04      	-4.27455    	423.461     	
1           162.933     	-4.05949    	423.859     	
1           163.777     	-3.85592    	424.353     	
1           164.673     	-3.7317     	424.779     	
1           165.616     	-3.42221    	424.905     	
1           166.586     	-3.39153    	425.143     	
1           167.537     	-3.41289    	425.455     	
1           168.21      	-3.62899    	426.162     	
1           169.008     	-3.88645    	426.707     	
1           169.875     	-4.27207    	427.025     	
1           170.836     	-4.53569    	427.094     	
1           171.788     	-4.77985    	426.911     	
1           172.572     	-5.39232    	426.808     	
1           173.062     	-5.8347     	426.056     	
1           173.523     	-6.07482    	425.203     	
1           173.874     	-6.55047    	424.396     	
1           174.089     	-7.10845    	423.596     	
1           173.754     	-7.49952    	422.738     	
1           173.609     	-8.34498    	422.223     	
1           173.738     	-9.33121    	422.124     	
1           173.522     	-10.3076    	422.118     	
1           173.353     	-11.2748    	422.305     	
1           173.994     	-12.0411    	422.338     	
1           174.659     	-12.7345    	422.623     	
1           175.571     	-13.0374    	422.9       	
1           176.052     	-13.7295    	423.438     	
1           176.637     	-14.5344    	423.34      	
1           177.195     	-15.3521    	423.205     	
1           177.801     	-16.0884    	422.906     	
1           178.149     	-16.6574    	422.161     	
1           178.001     	-17.255     	421.372     	
1           177.274     	-17.3044    	420.687     	
1           176.729     	-17.3418    	419.851     	
1           176.234     	-17.558     	419.008     	
1           175.51      	-17.8645    	418.389     	
1           174.775     	-18.2849    	417.856     	
1           173.935     	-18.7555    	417.589     	
1           173.042     	-18.7544    	417.141     	
1           172.136     	-19.0923    	416.887     	
1           171.167     	-19.3326    	416.821     	
1           170.189     	-19.2622    	416.625     	
1           169.292     	-18.8969    	416.874     	
1           168.405     	-18.5624    	417.193     	
1           167.696     	-17.9504    	417.543     	
1           167.161     	-17.2033    	417.148     	
1           166.648     	-16.3441    	417.114     	
1           166.268     	-15.702     	417.779     	
1           165.698     	-14.9523    	418.117     	
1           165.017     	-14.7057    	418.805     	
1           164.216     	-14.1415    	419.01      	
1           163.415     	-13.847     	419.531     	
1           162.542     	-13.6342    	419.967     	
1           161.912     	-14.0607    	420.617     	
1           161.854     	-14.687     	421.394     	
1           161.799     	-15.1407    	422.283     	
1           161.799     	-15.3252    	423.266     	
1           161.759     	-15.7564    	424.168     	
1           161.544     	-16.5004    	424.8       	
1           161.448     	-16.7403    	425.766     	
1           160.999     	-16.5292    	426.634     	
1           160.512     	-16.6198    	427.502     	
1           160.064     	-17.1713    	428.206     	
1           159.509     	-17.8355    	428.71      	
1           159.063     	-18.6334    	429.111     	
1           158.716     	-19.5146    	428.788     	
1           158.621     	-20.4729    	428.515     	
1           158.402     	-21.4452    	428.592     	
1           157.643     	-22.0196    	428.289     	
1           156.86      	-22.5845    	428.025     	
1           156.006     	-23.0287    	427.754     	
1           155.283     	-23.5616    	427.316     	
1           154.832     	-24.454     	427.307     	
1           154.573     	-25.4078    	427.457     	
1           154.743     	-26.2693    	427.938     	
1           154.728     	-27.0264    	428.59      	
1           155.184     	-27.6574    	429.219     	
1           155.105     	-27.9899    	430.159     	
1           155.844     	-27.9205    	430.828     	
1           156.29      	-28.4039    	431.582     	
1           156.678     	-28.3857    	432.504     	
1           157.3       	-28.1031    	433.232     	
1           157.853     	-27.6954    	433.958     	
1           158.374     	-26.9884    	434.44      	
1           158.638     	-26.0252    	434.47      	
1           158.716     	-25.0459    	434.283     	
1           158.57      	-24.0561    	434.293     	
1           158.795     	-23.0916    	434.43      	
1           158.988     	-22.1461    	434.167     	
1           159.117     	-21.1559    	434.121     	
1           158.613     	-20.3103    	433.94      	
1           158.166     	-19.4884    	433.586     	
1           157.717     	-18.6632    	433.245     	
1           157.402     	-18.0988    	432.482     	
1           156.683     	-17.8207    	431.844     	
1           155.774     	-17.5793    	431.508     	
1           154.893     	-17.3212    	431.111     	
1           153.93      	-17.061     	431.05      	
1           152.99      	-16.9858    	430.711     	
1           152.005     	-16.8232    	430.726     	
1           151.01      	-16.8944    	430.8       	
1           150.113     	-16.7466    	430.383     	
1           149.376     	-16.2541    	429.92      	
1           148.74      	-16.1323    	429.159     	
1           148.35      	-15.4133    	428.581     	
1           148.102     	-14.6976    	427.93      	
1           147.582     	-13.9713    	427.481     	
1           146.813     	-13.6261    	426.943     	
1           146.422     	-12.8941    	426.384     	
1           146.614     	-12.3952    	425.539     	
1           146.743     	-11.8765    	424.694     	
1           146.745     	-11.6282    	423.725     	
1           147.088     	-11.8946    	422.824     	
1           147.541     	-12.0486    	421.947     	
1           147.825     	-12.0813    	420.988     	
1           147.86      	-12.4267    	420.05      	
1           148.098     	-12.6245    	419.1       	
1           148.367     	-12.4069    	418.161     	
1           148.55      	-12.7823    	417.253     	
1           148.578     	-13.2572    	416.374     	
1           148.016     	-13.815     	415.761     	
1           147.352     	-14.2356    	415.145     	
1           146.963     	-14.5184    	414.269     	
1           146.477     	-14.8044    	413.443     	
1           145.646     	-15.0816    	412.96      	
1           144.759     	-15.5452    	412.921     	
1           143.988     	-16.0072    	412.486     	
1           143.345     	-16.7288    	412.23      	
1           142.762     	-17.4783    	412.545     	
1           142.127     	-17.7494    	413.268     	
1           141.61      	-17.582     	414.107     	
1           141.265     	-17.2334    	414.979     	
1           140.907     	-16.988     	415.879     	
1           140.288     	-16.2891    	416.241     	
1           139.706     	-15.4838    	416.34      	
1           138.878     	-14.9844    	416.597     	
1           138.111     	-14.3763    	416.392     	
1           137.204     	-14.0276    	416.156     	
1           136.461     	-14.109     	415.49      	
1           135.655     	-14.1114    	414.898     	
1           134.701     	-13.9901    	414.623     	
1           133.972     	-14.3513    	414.045     	
1           133.424     	-14.4155    	413.209     	
1           133.25      	-14.3177    	412.23      	
1           133.052     	-14.2194    	411.256     	
1           132.795     	-14.0966    	410.296     	
1           132.531     	-13.7901    	409.381     	
1           132.048     	-13.804     	408.505     	
1           132.039     	-13.1473    	407.753     	
1           131.952     	-12.5878    	406.929     	
1           132.132     	-11.9527    	406.177     	
1           131.899     	-11.1389    	405.644     	
1           131.995     	-10.3515    	405.034     	
1           131.947     	-9.89937    	404.144     	
1           132.378     	-9.60367    	403.29      	
1           132.809     	-9.93462    	402.451     	
1           133.649     	-10.3046    	402.058     	
1           134.585     	-10.6397    	401.956     	
1           135.465     	-11.069     	401.749     	
1           136.376     	-11.4197    	401.967     	
1           137.225     	-11.9241    	402.129     	
1           137.986     	-12.5709    	402.182     	
1           138.682     	-13.2763    	402.311     	
1           139.189     	-14.0464    	402.696     	
1           139.449     	-15.0042    	402.571     	
1           140.226     	-15.6205    	402.703     	
1           140.696     	-16.5013    	402.661     	
1           140.573     	-17.4274    	402.3       	
1           140.492     	-18.4058    	402.484     	
1           140.321     	-19.3902    	402.542     	
1           139.977     	-20.286     	402.259     	
1           139.602     	-21.1329    	402.634     	
1           138.955     	-21.8537    	402.878     	
1           138.356     	-22.6447    	402.741     	
1           137.911     	-23.5362    	402.818     	
1           137.291     	-24.2219    	403.202     	
1           136.704     	-24.6417    	403.892     	
1           136.138     	-24.9087    	404.673     	
1           136.324     	-25.4536    	405.49      	
1           135.908     	-26.0772    	406.151     	
1           135.09      	-26.6099    	406.368     	
1           134.158     	-26.9204    	406.554     	
1           133.211     	-26.9714    	406.871     	
1           132.25      	-26.9103    	407.146     	
1           131.589     	-26.3619    	407.657     	
1           130.95      	-25.6669    	407.987     	
1           130.652     	-24.7703    	408.316     	
1           130.45      	-23.7914    	408.355     	
1           129.893     	-22.9618    	408.408     	
1           129.397     	-22.0992    	408.486     	
1           128.786     	-21.3352    	408.271     	
1           128.765     	-20.4967    	407.727     	
1           128.578     	-19.6032    	407.318     	
1           129.039     	-18.7335    	407.145     	
1           129.579     	-17.8977    	407.049     	
1           130.023     	-17.0021    	407.026     	
1           130.37      	-16.0641    	407.057     	
1           130.244     	-15.121     	407.36      	
1           129.906     	-14.1785    	407.353     	
1           129.334     	-13.3727    	407.505     	
1           129.335     	-12.3788    	407.615     	
1           128.748     	-11.6659    	408         	
1           127.97      	-11.0712    	408.203     	
1           127.57      	-10.4895    	408.911     	
1           127.219     	-10.1786    	409.795     	
1           127.008     	-9.62024    	410.597     	
1           126.366     	-9.12399    	411.181     	
1           125.583     	-8.51445    	411.304     	
1           125.087     	-7.67283    	411.09      	
1           124.747     	-6.81774    	411.482     	
1           124.246     	-5.9852     	411.717     	
1           123.739     	-5.16197    	411.462     	
1           124.149     	-4.38031    	410.992     	
1           124.694     	-3.59264    	410.704     	
1           125.44      	-3.04833    	410.321     	
1           126.043     	-2.52148    	409.722     	
1           126.846     	-2.45121    	409.13      	
1           127.729     	-2.64765    	408.705     	
1           128.702     	-2.85793    	408.8       	
1           129.696     	-2.97193    	408.784     	
1           130.678     	-2.80189    	408.86      	
1           131.358     	-2.08188    	409.001     	
1           131.919     	-1.25535    	408.959     	
1           132.659     	-0.660686   	408.647     	
1           133.024     	0.0979477   	408.106     	
1           132.616     	0.391258    	407.242     	
1           132.089     	0.880265    	406.546     	
1           131.673     	1.63118     	406.033     	
1           130.982     	2.29728     	405.754     	
1           130.846     	2.95633     	405.014     	
1           130.689     	3.8568      	404.609     	
1           130.487     	4.83523     	404.654     	
1           130.552     	5.81141     	404.446     	
1           130.797     	6.71728     	404.101     	
1           130.318     	7.32513     	403.468     	
1           129.795     	8.13062     	403.189     	
1           129.078     	8.65155     	402.727     	
1           128.485     	9.02619     	402.014     	
1           128.001     	9.27975     	401.176     	
1           127.727     	9.48085     	400.236     	
1           127.103     	9.71038     	399.489     	
1           126.896     	9.62451     	398.514     	
1           126.953     	9.62818     	397.516     	
1           126.726     	9.22688     	396.628     	
1           125.949     	8.7228      	396.253     	
1           125.578     	7.87953     	395.864     	
1           125.455     	7.03561     	395.342     	
1           125.529     	6.27413     	394.698     	
1           125.318     	5.75753     	393.868     	
1           124.823     	5.19411     	393.206     	
1           124.397     	4.99125     	392.325     	
1           124.245     	4.63937     	391.401     	
1           124.142     	4.488       	390.418     	
1           123.828     	4.66301     	389.485     	
1           123.45      	5.00996     	388.627     	
1           122.766     	5.25193     	387.939     	
1           121.972     	4.98678     	387.391     	
1           121.338     	4.31889     	387.002     	
1           120.7       	3.8586      	386.385     	
1           120.104     	4.14833     	385.636     	
1           119.497     	4.48532     	384.916     	
1           119.017     	5.02674     	384.226     	
1           118.725     	5.88025     	383.794     	
1           118.729     	6.88022     	383.805     	
1           118.142     	7.68963     	383.789     	
1           117.481     	8.43953     	383.802     	
1           116.978     	9.28329     	383.991     	
1           116.125     	9.63781     	384.374     	
1           115.328     	10.2091     	384.568     	
1           114.789     	10.9372     	384.144     	
1           114.045     	11.0055     	383.48      	
1           113.243     	11.3971     	383.029     	
1           112.313     	11.3314     	382.665     	
1           111.342     	11.096      	382.697     	
1           110.346     	11.0498     	382.768     	
1           109.392     	11.3426     	382.698     	
1           108.555     	11.6996     	383.113     	
1           107.789     	12.2064     	383.509     	
1           106.84      	11.9166     	383.63      	
1           105.98      	11.7273     	383.157     	
1           105.042     	11.6396     	382.82      	
1           104.08      	11.4938     	383.05      	
1           103.377     	11.4109     	383.757     	
1           102.806     	11.609      	384.553     	
1           102.495     	12.332      	385.17      	
1           102.508     	12.9262     	385.974     	
1           102.169     	13.1023     	386.898     	
1           101.31      	13.3732     	387.333     	
1           100.468     	13.6383     	387.803     	
1           99.4761     	13.7542     	387.857     	
1           98.5789     	13.427      	388.154     	
1           97.7418     	12.8947     	388.28      	
1           97.7432     	11.9321     	388.551     	
1           97.7192     	10.9338     	388.606     	
1           97.445      	9.97646     	388.516     	
1           97.2523     	9.01291     	388.702     	
1           96.8845     	8.1358      	389.011     	
1           96.694      	7.1577      	388.927     	
1           95.8332     	6.65954     	388.823     	
1           95.0146     	6.12865     	388.604     	
1           94.0751     	5.85403     	388.399     	
1           93.3118     	5.41374     	387.926     	
1           93.1561     	4.76732     	387.18      	
1           92.7717     	4.47753     	386.303     	
1           92.3633     	3.72531     	385.786     	
1           92.2451     	2.7521      	385.589     	
1           92.5501     	1.80051     	385.626     	
1           93.0231     	0.955655    	385.376     	
1           93.4973     	0.43933     	384.663     	
1           93.4187     	0.0649348   	383.739     	
1           93.3534     	-0.142064   	382.763     	
1           92.9472     	-0.0322292  	381.856     	
1           92.9921     	-0.0166715  	380.857     	
1           92.4102     	-0.0826084  	380.046     	
1           91.7296     	0.0648765   	379.329     	
1           91.3095     	0.0236055   	378.422     	
1           91.0521     	0.135276    	377.462     	
1           91.0955     	0.118209    	376.463     	
1           91.1723     	-0.423949   	375.627     	
1           91.287      	-1.00027    	374.818     	
1           91.3277     	-1.79468    	374.212     	
1           91.6935     	-2.39858    	373.503     	
1           91.5859     	-3.38706    	373.61      	
1           91.8678     	-4.34625    	373.632     	
1           92.4508     	-5.02881    	373.192     	
1           92.9209     	-5.62094    	372.537     	
1           93.4291     	-6.17705    	371.88      	
1           93.6665     	-6.50564    	370.965     	
1           93.3806     	-7.00719    	370.149     	
1           93.1227     	-7.51169    	369.325     	
1           92.8461     	-8.35844    	368.87      	
1           92.4394     	-9.18273    	368.476     	
1           92.0894     	-10.1086    	368.334     	
1           91.7426     	-10.9887    	368.01      	
1           91.5524     	-11.6193    	367.258     	
1           91.0904     	-12.1315    	366.534     	
1           91.0799     	-13.0242    	366.083     	
1           91.0825     	-14.0211    	366.005     	
1           91.125      	-15.0113    	365.871     	
1           91.7332     	-15.668     	365.425     	
1           92.2627     	-16.1676    	364.74      	
1           92.4195     	-17.025     	364.25      	
1           92.8426     	-17.8454    	363.865     	
1           93.3379     	-18.4344    	363.227     	
1           93.8745     	-18.9195    	362.536     	
1           94.4833     	-19.3658    	361.88      	
1           94.7153     	-19.961     	361.111     	
1           94.9334     	-20.7571    	360.546     	
1           94.9355     	-21.614     	360.031     	
1           95.3225     	-22.2861    	359.4       	
1           95.811      	-23.0043    	358.904     	
1           96.3394     	-23.8317    	358.713     	
1           96.9869     	-24.5879    	358.618     	
1           97.7868     	-25.1756    	358.497     	
1           98.6467     	-25.5218    	358.122     	
1           99.5764     	-25.8499    	357.955     	
1           100.471     	-25.7263    	357.525     	
1           101.432     	-25.9941    	357.59      	
1           102.34      	-26.0734    	358.001     	
1           103.328     	-26.1052    	358.152     	
1           104.002     	-25.7232    	358.784     	
1           104.567     	-25.469     	359.569     	
1           104.802     	-25.4932    	360.541     	
1           105.152     	-25.4078    	361.474     	
1           105.971     	-25.2841    	362.034     	
1           106.81      	-25.5371    	362.516     	
1           107.649     	-25.2616    	362.986     	
1           108.44      	-25.4525    	363.567     	
1           109.032     	-25.3273    	364.363     	
1           109.885     	-25.1263    	364.844     	
1           110.72      	-24.5952    	364.989     	
1           111.648     	-24.2349    	364.894     	
1           112.62      	-24.0235    	364.792     	
1           113.583     	-24.1332    	364.544     	
1           114.567     	-24.1617    	364.37      	
1           115.551     	-24.0546    	364.512     	
1           116.535     	-23.9758    	364.675     	
1           117.31      	-24.446     	364.252     	
1           118.041     	-25.115     	364.121     	
1           118.589     	-25.8641    	363.749     	
1           118.869     	-26.7677    	363.424     	
1           119.172     	-27.7071    	363.265     	
1           119.55      	-28.5188    	362.819     	
1           119.572     	-29.3332    	362.239     	
1           119.591     	-29.9277    	361.435     	
1           119.677     	-30.6094    	360.709     	
1           119.395     	-31.2062    	359.957     	
1           118.986     	-32.0324    	359.57      	
1           118.624     	-32.5417    	358.79      	
1           117.778     	-32.6581    	358.268     	
1           117.275     	-32.3784    	357.45      	
1           117.188     	-32.6859    	356.503     	
1           116.725     	-32.8239    	355.627     	
1           116.234     	-33.2643    	354.875     	
1           115.991     	-33.5881    	353.961     	
1           115.82      	-34.0605    	353.096     	
1           115.909     	-34.084     	352.101     	
1           116.457     	-33.9189    	351.28      	
1           116.524     	-33.5237    	350.364     	
1           116.507     	-33.2826    	349.394     	
1           116.816     	-33.1133    	348.458     	
1           117.676     	-32.9676    	347.968     	
1           118.411     	-32.767     	347.321     	
1           119.213     	-32.3384    	346.904     	
1           120.205     	-32.2252    	346.859     	
1           121.064     	-32.6259    	346.54      	
1           121.42      	-33.5604    	346.555     	
1           121.822     	-34.4566    	346.743     	
1           122.534     	-35.1493    	346.627     	
1           123.493     	-35.323     	346.404     	
1           124.394     	-35.5643    	346.763     	
1           125.267     	-35.8066    	347.186     	
1           126.045     	-36.3192    	347.551     	
1           126.624     	-36.8084    	348.202     	
1           127.346     	-37.1441    	348.808     	
1           127.773     	-37.0683    	349.709     	
1           128.397     	-37.254     	350.468     	
1           128.559     	-37.2112    	351.454     	
1           128.62      	-36.8426    	352.382     	
1           128.544     	-36.0457    	352.981     	
1           128.383     	-35.1825    	353.459     	
1           128.276     	-34.267     	353.847     	
1           128.083     	-33.3371    	354.161     	
1           128.561     	-32.6       	354.638     	
1           128.911     	-31.8104    	355.142     	
1           128.834     	-31.0609    	355.801     	
1           129.397     	-30.5798    	356.473     	
1           129.926     	-30.3154    	357.277     	
1           130.671     	-30.0542    	357.893     	
1           131.489     	-29.6717    	358.322     	
1           132.433     	-29.4152    	358.532     	
1           133.381     	-29.3996    	358.848     	
1           134.123     	-29.1202    	359.456     	
1           135.073     	-29.251     	359.742     	
1           135.728     	-29.5104    	360.451     	
1           136.341     	-29.6264    	361.234     	
1           136.491     	-30.0339    	362.133     	
1           136.673     	-30.0458    	363.118     	
1           136.853     	-29.9132    	364.092     	
1           136.913     	-29.953     	365.09      	
1           136.654     	-29.6912    	366.019     	
1           136.1       	-29.4501    	366.816     	
1           135.909     	-29.1793    	367.759     	
1           135.385     	-29.0562    	368.601     	
1           135.176     	-28.9115    	369.568     	
1           134.912     	-28.6984    	370.51      	
1           134.755     	-28.4819    	371.473     	
1           134.498     	-28.5993    	372.432     	
1           133.969     	-28.9472    	373.208     	
1           133.293     	-29.5446    	373.636     	
1           132.997     	-30.2627    	374.266     	
1           132.74      	-31.0882    	374.769     	
1           132.532     	-31.5942    	375.605     	
1           132.006     	-31.4826    	376.448     	
1           131.773     	-31.5902    	377.416     	
1           131.389     	-31.8882    	378.289     	
1           130.868     	-31.7923    	379.136     	
1           130.174     	-31.4795    	379.786     	
1           129.313     	-31.2294    	380.231     	
1           128.396     	-30.8402    	380.148     	
1           127.56      	-30.3384    	380.368     	
1           126.713     	-29.9581    	380.741     	
1           125.919     	-29.5482    	381.189     	
1           125.168     	-29.374     	381.826     	
1           124.408     	-29.2001    	382.452     	
1           124.05      	-29.0736    	383.376     	
1           123.606     	-28.7538    	384.214     	
1           123.613     	-28.5244    	385.187     	
1           123.838     	-28.6749    	386.15      	
1           123.027     	-28.5469    	386.721     	
1           122.138     	-28.2289    	387.049     	
1           121.447     	-27.5091    	387.117     	
1           121.182     	-26.564     	387.307     	
1           120.611     	-25.8853    	387.77      	
1           120.035     	-25.1154    	387.499     	
1           119.541     	-24.4219    	388.022     	
1           119.077     	-23.7169    	388.562     	
1           118.821     	-23.0277    	389.239     	
1           118.639     	-23.0487    	390.223     	
1           118.986     	-23.0814    	391.158     	
1           119.63      	-22.8981    	391.902     	
1           120.346     	-22.9919    	392.593     	
1           121.028     	-23.2853    	393.264     	
1           121.759     	-23.474     	393.918     	
1           122.396     	-23.8653    	394.584     	
1           123.153     	-24.2989    	395.072     	
1           123.597     	-24.9909    	395.641     	
1           123.887     	-25.8625    	396.033     	
1           124.366     	-26.4083    	396.722     	
1           124.982     	-26.8614    	397.367     	
1           124.885     	-27.7188    	397.874     	
1           125.149     	-28.6113    	398.235     	
1           125.235     	-29.1779    	399.056     	
1           125.852     	-29.6042    	399.716     	
1           126.058     	-30.2907    	400.414     	
1           126.8       	-30.9301    	400.619     	
1           127.592     	-31.4686    	400.333     	
1           128.486     	-31.6799    	399.939     	
1           129.386     	-31.9264    	399.579     	
1           130.16      	-32.5527    	399.479     	
1           130.778     	-33.3208    	399.322     	
1           131.037     	-34.2575    	399.084     	
1           131.067     	-35.2138    	398.79      	
1           131.037     	-35.791     	397.973     	
1           130.892     	-35.9007    	396.991     	
1           131.018     	-35.8689    	395.999     	
1           131.649     	-35.5167    	395.309     	
1           132.229     	-35.3523    	394.509     	
1           132.839     	-35.5162    	393.735     	
1           133.352     	-35.2175    	392.93      	
1           134.107     	-35.0326    	392.301     	
1           134.877     	-34.5805    	391.852     	
1           135.834     	-34.3507    	391.677     	
1           136.686     	-34.3371    	392.202     	
1           137.614     	-33.9726    	392.125     	
1           138.568     	-33.9134    	391.83      	
1           139.458     	-33.4971    	391.647     	
1           140.449     	-33.4275    	391.76      	
1           141.436     	-33.3739    	391.909     	
1           142.43      	-33.4825    	391.948     	
1           143.188     	-32.9964    	392.383     	
1           143.931     	-32.329     	392.432     	
1           144.924     	-32.2128    	392.392     	
1           145.733     	-31.7006    	392.106     	
1           146.413     	-31.1254    	391.652     	
1           146.714     	-30.1705    	391.642     	
1           146.997     	-29.2735    	391.978     	
1           147.44      	-28.3978    	392.175     	
1           148.076     	-27.8366    	392.702     	
1           148.548     	-27.2002    	393.312     	
1           148.458     	-26.5038    	394.026     	
1           148.351     	-25.681     	394.583     	
1           147.948     	-24.8069    	394.857     	
1           147.645     	-23.9667    	395.305     	
1           147.864     	-23.2195    	395.933     	
1           148.295     	-22.5999    	396.589     	
1           148.908     	-22.0083    	397.112     	
1           149.779     	-21.8476    	397.578     	
1           150.498     	-21.3742    	398.086     	
1           151.443     	-21.0527    	398.026     	
1           152.084     	-20.2836    	398.011     	
1           153.074     	-20.2481    	398.147     	
1           153.85      	-20.4433    	398.744     	
1           154.301     	-20.9987    	399.445     	
1           154.28      	-21.4429    	400.34      	
1           154.427     	-21.8365    	401.247     	
1           154.194     	-22.3872    	402.049     	
1           153.485     	-22.6051    	402.72      	
1           152.673     	-22.9619    	403.181     	
1           151.806     	-23.1958    	403.62      	
1           150.896     	-23.5828    	403.772     	
1           149.952     	-23.586     	404.103     	
1           149.171     	-23.2169    	404.606     	
1           148.435     	-22.6062    	404.899     	
1           147.969     	-21.8594    	405.375     	
1           147.89      	-21.1127    	406.034     	
1           147.624     	-20.28      	406.518     	
1           147.247     	-19.4844    	406.995     	
1           146.617     	-18.7935    	407.347     	
1           145.781     	-18.3865    	407.716     	
1           144.802     	-18.4098    	407.919     	
1           143.805     	-18.4143    	408         	
1           142.876     	-18.0552    	407.906     	
1           142.064     	-17.7914    	408.427     	
1           141.263     	-17.2973    	408.764     	
1           140.579     	-16.8417    	409.332     	
1           139.899     	-16.4535    	409.956     	
1           139.268     	-15.8556    	410.45      	
1           138.729     	-15.0338    	410.628     	
1           138.208     	-14.1796    	410.667     	
1           137.585     	-13.4254    	410.467     	
1           136.838     	-12.7697    	410.584     	
1           135.947     	-12.3733    	410.805     	
1           134.949     	-12.323     	410.839     	
1           134.03      	-12.6852    	410.994     	
1           133.266     	-13.1989    	411.384     	
1           132.363     	-13.5108    	411.681     	
1           131.518     	-14.0372    	411.591     	
1           130.934     	-14.5557    	410.965     	
1           130.562     	-14.9601    	410.129     	
1           130.049     	-15.6888    	409.675     	
1           129.862     	-16.5547    	409.212     	
1           129.516     	-17.4605    	408.966     	
1           129.297     	-18.4328    	408.889     	
1           129.105     	-19.2778    	409.388     	
1           128.446     	-19.8027    	409.929     	
1           127.693     	-19.9632    	410.567     	
1           126.717     	-20.0492    	410.771     	
1           125.907     	-20.0202    	411.353     	
1           124.958     	-20.2805    	411.171     	
1           124.097     	-20.787     	411.129     	
1           123.329     	-21.4216    	411.215     	
1           122.496     	-21.9531    	411.371     	
1           121.959     	-22.7824    	411.212     	
1           121.251     	-23.4885    	411.221     	
1           120.718     	-24.0969    	410.633     	
1           120.548     	-24.5266    	409.747     	
1           120.212     	-24.6593    	408.815     	
1           119.793     	-25.0674    	408.003     	
1           119.035     	-25.4018    	407.443     	
1           118.203     	-25.8203    	407.079     	
1           117.759     	-26.4388    	406.431     	
1           117.239     	-26.9072    	405.716     	
1           116.979     	-27.5505    	404.997     	
1           117.024     	-28.4103    	404.487     	
1           117.455     	-28.9638    	403.773     	
1           118.165     	-28.9483    	403.069     	
1           118.957     	-29.0433    	402.469     	
1           119.784     	-29.0472    	401.907     	
1           120.74      	-29.1885    	401.651     	
1           121.521     	-29.5076    	401.112     	
1           121.841     	-29.8993    	400.25      	
1           121.849     	-30.1729    	399.288     	
1           121.945     	-29.9961    	398.308     	
1           122.084     	-29.9342    	397.32      	
1           122.404     	-29.9301    	396.373     	
1           122.481     	-30.2407    	395.426     	
1           122.301     	-30.314     	394.443     	
1           122.064     	-30.3498    	393.473     	
1           121.916     	-29.8522    	392.618     	
1           121.96      	-29.097     	391.964     	
1           122.483     	-28.3632    	391.529     	
1           123.191     	-27.8546    	391.042     	
1           123.634     	-27.5958    	390.184     	
1           124.128     	-28.029     	389.431     	
1           124.113     	-28.6825    	388.673     	
1           123.673     	-29.3233    	388.043     	
1           123.403     	-29.9388    	387.303     	
1           123.302     	-30.6521    	386.611     	
1           122.818     	-31.0667    	385.838     	
1           122.262     	-31.3338    	385.053     	
1           121.818     	-31.8406    	384.314     	
1           122.063     	-32.4054    	383.525     	
1           122.265     	-33.1476    	382.887     	
1           122.144     	-33.3679    	381.919     	
1           122.052     	-33.7047    	380.982     	
1           121.614     	-33.8696    	380.099     	
1           121.314     	-33.9858    	379.151     	
1           121.282     	-34.6549    	378.408     	
1           121.394     	-34.9534    	377.461     	
1           121.337     	-35.1684    	376.485     	
1           121.282     	-35.0866    	375.491     	
1           121.557     	-34.6746    	374.622     	
1           122         	-34.2088    	373.857     	
1           122.409     	-33.9661    	372.977     	
1           122.648     	-33.4436    	372.158     	
1           122.672     	-33.156     	371.2       	
1           122.458     	-32.6295    	370.378     	
1           122.669     	-31.8788    	369.753     	
1           122.533     	-31.4046    	368.883     	
1           122.068     	-30.8276    	368.209     	
1           121.894     	-29.8948    	367.896     	
1           121.65      	-28.9925    	367.537     	
1           121.115     	-28.1569    	367.422     	
1           120.412     	-27.5094    	367.126     	
1           119.479     	-27.5569    	366.77      	
1           118.641     	-27.7065    	366.247     	
1           118.164     	-27.9525    	365.403     	
1           117.973     	-27.6916    	364.456     	
1           117.999     	-27.722     	363.457     	
1           117.898     	-28.0449    	362.516     	
1           117.986     	-27.8769    	361.534     	
1           118.056     	-28.2194    	360.598     	
1           118.233     	-28.4694    	359.645     	
1           118.369     	-28.8342    	358.724     	
1           118.903     	-29.0286    	357.903     	
1           119.512     	-29.383     	357.191     	
1           119.831     	-29.9877    	356.461     	
1           120.138     	-30.9236    	356.287     	
1           120.812     	-31.4254    	355.745     	
1           121.431     	-32.12      	355.383     	
1           121.7       	-32.9418    	354.877     	
1           121.967     	-33.8911    	354.712     	
1           121.557     	-34.7477    	354.398     	
1           121.161     	-35.6327    	354.156     	
1           120.611     	-36.4618    	354.063     	
1           119.862     	-37.1264    	354.057     	
1           119.177     	-37.7036    	354.502     	
1           118.475     	-38.0425    	355.127     	
1           117.583     	-38.4802    	355.237     	
1           116.735     	-38.9224    	354.944     	
1           116.186     	-39.5274    	354.368     	
1           115.523     	-40.0158    	353.801     	
1           114.929     	-40.4175    	353.103     	
1           114.54      	-40.8389    	352.283     	
1           113.727     	-41.3782    	352.067     	
1           113.086     	-41.9384    	351.542     	
1           112.574     	-42.1599    	350.712     	
1           112.662     	-42.565     	349.802     	
1           112.503     	-42.912     	348.877     	
1           112.359     	-43.143     	347.915     	
1           111.91      	-43.5716    	347.132     	
1           111.745     	-44.1103    	346.305     	
1           111.378     	-44.5823    	345.503     	
1           111.256     	-44.5732    	344.512     	
1           111.339     	-44.2809    	343.558     	
1           111.329     	-43.8786    	342.643     	
1           111.541     	-43.3932    	341.795     	
1           112.001     	-42.7445    	341.19      	
1           111.974     	-42.1801    	340.364     	
1           111.399     	-41.6942    	339.706     	
1           110.96      	-40.8162    	339.514     	
1           110.881     	-39.8398    	339.317     	
1           110.34      	-38.9982    	339.308     	
1           109.807     	-38.1528    	339.278     	
1           109.321     	-37.3514    	338.926     	
1           108.576     	-36.7359    	339.182     	
1           107.698     	-36.2643    	339.112     	
1           106.74      	-36.4744    	338.909     	
1           106.122     	-36.3095    	338.142     	
1           105.332     	-36.2804    	337.529     	
1           104.817     	-36.3829    	336.677     	
1           104.522     	-36.3662    	335.722     	
1           104.059     	-36.3777    	334.837     	
1           103.513     	-36.0052    	334.087     	
1           102.901     	-35.4599    	333.512     	
1           102.901     	-34.7882    	332.771     	
1           102.689     	-34.0271    	332.16      	
1           102.28      	-33.2273    	331.72      	
1           101.861     	-32.3438    	331.929     	
1           101.433     	-31.4685    	332.151     	
1           101.202     	-30.7346    	331.511     	
1           101.01      	-29.8219    	331.148     	
1           100.21      	-29.6779    	330.566     	
1           99.9752     	-29.5024    	329.61      	
1           99.5563     	-29.2457    	328.739     	
1           99.3266     	-29.2767    	327.767     	
1           98.6124     	-29.6756    	327.19      	
1           97.7876     	-30.181     	326.937     	
1           96.9646     	-30.7348    	327.067     	
1           96.1396     	-30.9667    	327.581     	
1           95.532      	-30.9756    	328.376     	
1           95.2835     	-31.4925    	329.196     	
1           95.1979     	-31.6579    	330.177     	
1           94.8997     	-31.4589    	331.112     	
1           95.0042     	-30.9549    	331.969     	
1           95.2222     	-30.5884    	332.874     	
1           95.0426     	-30.54      	333.855     	
1           95.0721     	-30.5556    	334.855     	
1           95.0631     	-30.7552    	335.835     	
1           95.5752     	-30.8112    	336.692     	
1           95.8633     	-30.8184    	337.65      	
1           95.9263     	-31.641     	338.215     	
1           96.0745     	-32.5464    	338.612     	
1           96.0403     	-33.426     	339.088     	
1           95.9419     	-34.4202    	339.111     	
1           95.7218     	-35.396     	339.128     	
1           95.5465     	-36.3798    	339.09      	
1           95.1808     	-37.2519    	339.414     	
1           95.1558     	-38.2492    	339.48      	
1           94.8176     	-39.185     	339.378     	
1           94.3287     	-40.0537    	339.453     	
1           94.0053     	-40.9651    	339.711     	
1           93.4548     	-41.799     	339.687     	
1           93.366      	-42.7585    	339.419     	
1           92.8191     	-43.5557    	339.169     	
1           92.1411     	-44.1082    	338.682     	
1           91.5597     	-44.2388    	337.879     	
1           91.0536     	-44.0403    	337.039     	
1           91.1768     	-43.9813    	336.05      	
1           90.9685     	-44.1229    	335.081     	
1           90.3647     	-44.0481    	334.289     	
1           89.7583     	-43.6859    	333.58      	
1           89.2896     	-43.3463    	332.764     	
1           88.9484     	-43.4713    	331.833     	
1           88.3731     	-43.6597    	331.036     	
1           87.8817     	-43.5255    	330.175     	
1           87.1621     	-43.2846    	329.524     	
1           86.2745     	-42.8258    	329.54      	
1           85.5        	-42.1935    	329.536     	
1           84.6954     	-41.7318    	329.91      	
1           83.8575     	-41.509     	330.408     	
1           83.0212     	-41.5337    	330.957     	
1           82.2368     	-41.6206    	331.571     	
1           81.6362     	-42.0472    	332.247     	
1           81.4562     	-42.53      	333.105     	
1           81.1032     	-42.6703    	334.029     	
1           80.8854     	-42.1152    	334.832     	
1           81.0152     	-41.1355    	334.984     	
1           81.4093     	-40.2699    	335.293     	
1           82.1136     	-39.7207    	335.743     	
1           82.6417     	-39.3269    	336.496     	
1           82.9481     	-38.6779    	337.191     	
1           83.2587     	-38.1264    	337.964     	
1           83.5662     	-37.5099    	338.69      	
1           83.3882     	-37.096     	339.584     	
1           83.6746     	-36.852     	340.51      	
1           84.1825     	-36.8836    	341.37      	
1           84.799      	-36.8916    	342.158     	
1           85.3548     	-37.0982    	342.963     	
1           85.9085     	-37.0425    	343.794     	
1           86.6714     	-36.8934    	344.423     	
1           87.553      	-36.9335    	344.893     	
1           88.2735     	-37.1907    	345.536     	
1           88.8113     	-36.8336    	346.301     	
1           88.9705     	-36.3852    	347.18      	
1           88.3756     	-35.8192    	347.751     	
1           87.7702     	-35.3322    	348.38      	
1           87.0866     	-34.8301    	348.91      	
1           86.8919     	-33.8487    	348.879     	
1           86.4014     	-32.9977    	349.061     	
1           85.6755     	-32.4424    	349.469     	
1           85.1357     	-31.8211    	350.036     	
1           84.6807     	-30.9754    	350.314     	
1           84.4899     	-30.0808    	350.718     	
1           84.4156     	-29.228     	351.235     	
1           84.1861     	-28.7359    	352.074     	
1           83.8258     	-28.7551    	353.007     	
1           83.849      	-28.4495    	353.96      	
1           83.9476     	-28.3188    	354.946     	
1           84.1135     	-27.7214    	355.731     	
1           84.5384     	-27.2951    	356.528     	
1           85.0203     	-26.7882    	357.244     	
1           85.6007     	-26.462     	357.991     	
1           86.336      	-26.1018    	358.564     	
1           87.1783     	-25.6535    	358.863     	
1           87.9306     	-25.2964    	359.417     	
