1000

1           53.9924     	107.797     	295.004     	
1           53.867      	107.485     	295.946     	
1           53.0869     	107.091     	296.432     	
1           52.2508     	106.649     	296.76      	
1           51.5948     	106.313     	297.434     	
1           51.2499     	105.996     	298.318     	
1           51.1396     	105.46      	299.156     	
1           50.7769     	104.745     	299.753     	
1           50.8251     	104.251     	300.621     	
1           50.7755     	103.975     	301.58      	
1           50.4453     	103.599     	302.447     	
1           50.1161     	102.903     	303.084     	
1           50.289      	102.039     	303.559     	
1           50.2888     	101.126     	303.966     	
1           49.7558     	100.372     	304.348     	
1           48.9036     	99.8637     	304.469     	
1           48.4676     	99.3866     	305.233     	
1           47.9142     	98.8542     	305.874     	
1           47.277      	98.5054     	306.561     	
1           46.5522     	98.0547     	307.081     	
1           46.1792     	97.3469     	307.682     	
1           45.6927     	96.4747     	307.631     	
1           44.89       	95.88       	307.579     	
1           43.9396     	95.6908     	307.333     	
1           43.1468     	95.0817     	307.303     	
1           42.4196     	94.4285     	307.091     	
1           41.736      	94.7296     	306.427     	
1           40.9873     	94.9041     	305.787     	
1           40.2777     	94.9823     	305.088     	
1           40.096      	94.9669     	304.104     	
1           39.5475     	94.8815     	303.273     	
1           39.0007     	95.0526     	302.453     	
1           38.6223     	95.4253     	301.606     	
1           38.167      	95.6604     	300.747     	
1           37.8572     	96.2418     	299.994     	
1           37.8797     	96.7217     	299.116     	
1           38.1394     	97.0569     	298.212     	
1           37.9522     	97.0442     	297.229     	
1           37.7528     	96.6509     	296.331     	
1           37.2533     	95.8891     	295.92      	
1           37.0477     	95.0659     	295.389     	
1           36.7416     	94.133      	295.574     	
1           36.5732     	93.2874     	296.082     	
1           36.37       	92.3926     	296.479     	
1           36.1897     	91.8024     	297.265     	
1           35.5371     	91.2204     	297.752     	
1           34.8025     	90.7176     	298.206     	
1           34.1136     	90.379      	298.847     	
1           33.4706     	89.6232     	298.727     	
1           33.2135     	88.6628     	298.832     	
1           32.9614     	87.7497     	299.157     	
1           32.8134     	86.7659     	299.255     	
1           32.3415     	85.9032     	299.076     	
1           31.6287     	85.2057     	298.993     	
1           30.8276     	84.6565     	299.225     	
1           30.1094     	84.1442     	299.696     	
1           29.2037     	83.9151     	300.054     	
1           28.3488     	84.2336     	300.464     	
1           27.481      	84.2976     	300.955     	
1           26.6918     	83.9741     	301.48      	
1           25.7259     	84.2156     	301.561     	
1           24.8014     	84.5805     	301.675     	
1           24.233      	84.8265     	302.459     	
1           23.5819     	84.4529     	303.119     	
1           22.7398     	84.4631     	303.66      	
1           22.0711     	84.5736     	304.395     	
1           21.6393     	84.8819     	305.243     	
1           21.3045     	85.337      	306.067     	
1           20.4711     	85.4981     	306.596     	
1           19.9138     	86.0304     	307.232     	
1           19.1445     	86.2532     	307.831     	
1           18.8682     	85.9196     	308.733     	
1           18.9934     	85.3577     	309.551     	
1           19.3559     	84.9423     	310.385     	
1           19.5972     	84.5411     	311.269     	
1           20.2234     	84.2201     	311.979     	
1           20.7802     	83.7843     	312.687     	
1           21.2396     	83.1756     	313.334     	
1           21.4659     	82.391      	313.911     	
1           21.9612     	81.7237     	314.467     	
1           22.648      	81.097      	314.834     	
1           23.4621     	80.5375     	314.995     	
1           24.3038     	80.0107     	315.116     	
1           24.8677     	79.4651     	315.734     	
1           25.7672     	79.1088     	315.992     	
1           26.7171     	78.804      	316.048     	
1           27.6331     	78.466      	316.263     	
1           28.5189     	78.1942     	315.885     	
1           29.275      	77.5598     	315.719     	
1           30.0887     	77.0145     	315.918     	
1           31.0742     	76.9109     	316.048     	
1           32.0301     	76.7078     	315.834     	
1           33.0134     	76.8511     	315.943     	
1           33.8392     	77.1799     	316.403     	
1           34.7874     	77.2289     	316.715     	
1           35.5664     	76.6877     	317.034     	
1           36.2485     	76.0096     	317.305     	
1           37.0813     	75.4879     	317.494     	
1           37.7069     	75.135      	318.189     	
1           38.641      	75.147      	318.546     	
1           39.6097     	75.2316     	318.777     	
1           40.5926     	75.3526     	318.64      	
1           41.5783     	75.4761     	318.76      	
1           42.5764     	75.4643     	318.699     	
1           43.533      	75.5369     	318.419     	
1           44.4338     	75.7597     	318.044     	
1           45.3747     	76.0115     	318.264     	
1           46.2665     	76.1556     	318.695     	
1           46.9875     	76.1542     	319.388     	
1           47.2493     	75.5159     	320.111     	
1           47.6321     	74.9653     	320.854     	
1           48.1832     	74.5604     	321.584     	
1           48.9515     	73.9313     	321.467     	
1           49.3869     	73.1387     	321.894     	
1           49.5265     	72.1506     	321.828     	
1           49.1324     	71.2359     	321.916     	
1           48.9152     	70.2609     	321.964     	
1           48.7635     	69.3169     	321.672     	
1           48.8654     	68.3713     	321.359     	
1           48.6752     	67.5638     	320.802     	
1           49.1554     	67.1082     	320.053     	
1           49.8307     	66.6114     	319.507     	
1           50.5832     	66.084      	319.113     	
1           51.122      	65.455      	318.552     	
1           51.5819     	64.6631     	318.149     	
1           52.1728     	63.8932     	317.911     	
1           52.4683     	62.9451     	317.795     	
1           52.59       	61.9786     	318.024     	
1           52.9689     	61.0959     	318.299     	
1           53.2281     	60.1734     	318.587     	
1           53.2252     	59.1897     	318.772     	
1           52.8588     	58.4032     	319.266     	
1           53.1638     	57.6488     	319.847     	
1           52.9979     	56.7026     	320.127     	
1           52.8055     	55.7267     	320.026     	
1           52.6851     	54.7523     	319.839     	
1           52.7542     	53.7555     	319.887     	
1           52.3178     	52.8563     	319.905     	
1           51.6865     	52.1841     	320.293     	
1           51.0519     	51.6951     	320.891     	
1           50.1004     	51.4147     	320.769     	
1           49.2438     	50.9414     	320.559     	
1           48.3221     	50.5676     	320.459     	
1           47.8551     	49.6978     	320.621     	
1           47.5509     	48.7574     	320.473     	
1           46.9046     	48.0243     	320.689     	
1           46.0022     	47.9689     	321.116     	
1           45.1355     	48.115      	321.591     	
1           44.6343     	48.1572     	322.456     	
1           44.4569     	48.4964     	323.379     	
1           43.9203     	48.6422     	324.211     	
1           43.3372     	49.1976     	324.804     	
1           43.1336     	49.8537     	325.531     	
1           42.5615     	50.6        	325.869     	
1           41.8818     	51.1155     	326.393     	
1           40.9138     	51.1387     	326.642     	
1           39.9709     	51.2518     	326.953     	
1           38.9874     	51.2488     	327.139     	
1           38.0158     	51.3257     	326.917     	
1           37.1589     	51.5955     	326.478     	
1           36.3727     	51.6237     	325.86      	
1           35.7465     	51.64       	325.083     	
1           35.1135     	51.3987     	324.347     	
1           34.6182     	50.9593     	323.597     	
1           34.2833     	50.4203     	322.824     	
1           33.7853     	49.8852     	322.142     	
1           33.1496     	49.4067     	321.536     	
1           32.4131     	48.8426     	321.16      	
1           31.8279     	48.3817     	320.493     	
1           31.0787     	47.8447     	320.107     	
1           30.3225     	47.2071     	319.963     	
1           29.5105     	46.6671     	319.738     	
1           28.5183     	46.5583     	319.782     	
1           27.5264     	46.6391     	319.68      	
1           26.7679     	47.2895     	319.727     	
1           26.0348     	47.6883     	320.278     	
1           25.1476     	48.0402     	320.576     	
1           24.263      	48.1296     	321.034     	
1           23.7945     	48.0254     	321.911     	
1           23.2454     	47.3972     	322.463     	
1           22.4542     	47.6086     	323.037     	
1           21.8387     	48.0729     	323.674     	
1           21.2456     	48.6214     	324.263     	
1           20.8786     	49.3119     	324.886     	
1           20.2871     	49.9373     	325.394     	
1           19.8328     	50.48       	326.102     	
1           19.5415     	51.2292     	326.695     	
1           18.9831     	52.0528     	326.794     	
1           18.5918     	52.9691     	326.706     	
1           17.9315     	53.6784     	326.952     	
1           17.3273     	54.4615     	327.104     	
1           16.6313     	55.1735     	327.013     	
1           16.4773     	56.1149     	326.712     	
1           16.7872     	56.5465     	325.864     	
1           17.2953     	56.9761     	325.119     	
1           17.829      	57.3332     	324.353     	
1           18.0915     	57.6047     	323.426     	
1           17.7702     	57.9266     	322.535     	
1           17.9875     	58.5232     	321.764     	
1           17.6755     	59.0558     	320.977     	
1           17.249      	59.5599     	320.228     	
1           16.6979     	60.2527     	319.76      	
1           16.4699     	61.1396     	319.357     	
1           16.2873     	61.976      	318.841     	
1           15.6475     	62.663      	318.497     	
1           15.2087     	63.5338     	318.277     	
1           14.28       	63.8641     	318.111     	
1           13.6228     	64.5954     	317.918     	
1           13.0291     	65.3924     	317.809     	
1           12.3914     	66.1602     	317.752     	
1           11.7809     	66.9161     	317.514     	
1           11.6219     	67.9019     	317.537     	
1           11.944      	68.8296     	317.725     	
1           11.9127     	69.8271     	317.659     	
1           11.9288     	70.6817     	317.139     	
1           11.9217     	71.6309     	316.825     	
1           12.2765     	72.4872     	316.452     	
1           12.2424     	73.4783     	316.586     	
1           11.9444     	74.4195     	316.749     	
1           11.2998     	75.0684     	317.154     	
1           10.7011     	75.8683     	317.182     	
1           10.1255     	76.4943     	316.657     	
1           9.86429     	76.7021     	315.715     	
1           9.29284     	77.2387     	315.093     	
1           8.68963     	77.8726     	314.61      	
1           8.21706     	78.6279     	314.155     	
1           7.45204     	79.2099     	313.878     	
1           6.85918     	79.773      	313.304     	
1           6.08121     	80.303      	312.966     	
1           5.29022     	80.7004     	312.498     	
1           4.52346     	81.2119     	312.112     	
1           3.89036     	81.8066     	311.616     	
1           3.48856     	82.3555     	310.883     	
1           2.85409     	82.7288     	310.205     	
1           2.75767     	82.6278     	309.215     	
1           2.6153      	82.4456     	308.243     	
1           2.03492     	81.823      	307.717     	
1           1.65687     	81.0406     	307.224     	
1           1.50146     	80.3412     	306.526     	
1           1.20769     	79.6806     	305.836     	
1           0.743612    	79.1647     	305.114     	
1           0.538619    	79.1077     	304.138     	
1           0.0555975   	79.4496     	303.332     	
1           -0.609014   	79.6741     	302.619     	
1           -0.88942    	80.0163     	301.723     	
1           -1.14814    	80.6899     	301.03      	
1           -1.66785    	81.0468     	300.252     	
1           -1.79545    	81.7078     	299.515     	
1           -2.08607    	82.0096     	298.607     	
1           -2.54795    	82.31       	297.771     	
1           -3.23047    	82.3753     	297.044     	
1           -4.2265     	82.3496     	297.112     	
1           -5.10698    	82.8216     	297.17      	
1           -6.03885    	83.0521     	297.453     	
1           -6.59088    	83.5981     	298.082     	
1           -7.25282    	84.1274     	298.612     	
1           -8.11169    	84.3121     	299.089     	
1           -8.75053    	84.7889     	299.696     	
1           -9.67828    	84.9761     	299.375     	
1           -10.6582    	84.9556     	299.175     	
1           -11.6428    	84.7977     	299.092     	
1           -12.4485    	84.207      	299.083     	
1           -12.9701    	83.3777     	299.286     	
1           -13.0649    	82.7112     	300.026     	
1           -12.642     	82.1204     	300.711     	
1           -12.8542    	81.4222     	301.394     	
1           -13.1353    	80.817      	302.141     	
1           -13.4732    	80.0304     	302.656     	
1           -13.7456    	79.1221     	302.974     	
1           -13.4429    	78.2686     	303.399     	
1           -13.2607    	77.2991     	303.561     	
1           -13.1764    	76.386      	303.96      	
1           -13.048     	75.4068     	304.115     	
1           -12.4441    	74.6291     	304.296     	
1           -11.7886    	73.9309     	304.007     	
1           -11.6895    	72.9724     	304.273     	
1           -11.4469    	72.0458     	304.56      	
1           -11.1709    	71.3569     	305.231     	
1           -10.757     	70.7663     	305.922     	
1           -10.1524    	70.6595     	306.711     	
1           -9.62794    	71.2135     	307.357     	
1           -8.80343    	71.7798     	307.418     	
1           -8.01805    	72.3173     	307.722     	
1           -7.18374    	72.8319     	307.921     	
1           -6.37619    	73.2075     	308.375     	
1           -5.60558    	73.1931     	309.012     	
1           -4.84584    	73.0638     	309.649     	
1           -3.88684    	72.8196     	309.801     	
1           -2.91126    	72.6574     	309.662     	
1           -1.92367    	72.5122     	309.607     	
1           -0.957446   	72.489      	309.865     	
1           -0.177081   	72.3034     	310.463     	
1           0.744964    	72.4567     	310.82      	
1           1.40191     	73.0601     	311.271     	
1           1.86564     	73.9126     	311.512     	
1           2.272       	74.7871     	311.779     	
1           2.48023     	75.585      	312.344     	
1           2.57921     	76.3916     	312.927     	
1           2.35142     	77.2952     	313.291     	
1           2.1519      	78.1187     	313.82      	
1           1.82311     	79.0279     	314.077     	
1           1.53805     	79.4939     	314.914     	
1           1.85746     	80.1684     	315.578     	
1           2.19645     	80.6474     	316.391     	
1           2.76244     	80.8185     	317.195     	
1           3.45948     	80.8884     	317.909     	
1           4.2456      	81.2384     	318.418     	
1           4.79673     	81.7234     	319.096     	
1           5.40709     	82.3299     	319.61      	
1           5.91909     	82.8586     	320.285     	
1           6.11764     	82.9327     	321.262     	
1           6.37914     	83.1059     	322.212     	
1           6.9142      	82.9763     	323.047     	
1           7.63199     	82.4665     	323.521     	
1           8.41801     	81.9945     	323.921     	
1           9.11526     	81.4043     	324.325     	
1           9.85582     	80.8436     	324.699     	
1           10.7611     	80.4271     	324.638     	
1           11.5719     	79.87       	324.458     	
1           12.5444     	79.7942     	324.235     	
1           13.5443     	79.8095     	324.22      	
1           14.4054     	79.8969     	324.724     	
1           15.3167     	79.8282     	325.128     	
1           16.072      	79.7394     	325.779     	
1           16.7473     	79.1992     	326.278     	
1           17.2323     	78.5384     	326.852     	
1           17.8794     	78.1213     	327.49      	
1           18.4453     	77.8564     	328.269     	
1           18.6816     	77.4157     	329.136     	
1           19.343      	76.6977     	329.355     	
1           20.2874     	76.4626     	329.123     	
1           21.0592     	76.1019     	329.644     	
1           21.5078     	75.6389     	330.408     	
1           21.9974     	75.5004     	331.269     	
1           22.6199     	75.8193     	331.985     	
1           23.456      	76.319      	332.214     	
1           24.1053     	76.663      	332.891     	
1           24.6843     	77.0591     	333.605     	
1           25.2536     	77.3147     	334.386     	
1           25.7383     	77.7169     	335.162     	
1           25.6472     	78.1554     	336.055     	
1           25.5485     	78.6197     	336.936     	
1           25.4581     	79.3053     	337.659     	
1           25.2561     	79.8341     	338.484     	
1           24.8359     	80.6521     	338.876     	
1           24.5236     	81.5447     	339.199     	
1           23.9295     	82.3418     	339.093     	
1           23.6263     	83.0712     	338.479     	
1           23.5899     	83.9375     	337.98      	
1           23.9235     	84.7329     	337.475     	
1           24.3067     	85.6461     	337.624     	
1           24.6136     	86.4557     	338.122     	
1           24.9508     	87.2208     	338.673     	
1           25.6549     	87.6193     	339.261     	
1           26.3584     	87.3229     	339.906     	
1           26.5825     	86.6421     	340.602     	
1           26.7104     	85.9828     	341.345     	
1           26.9358     	85.3138     	342.052     	
1           26.8019     	84.9172     	342.961     	
1           26.415      	84.4785     	343.771     	
1           25.5551     	84.2237     	344.215     	
1           24.9791     	83.6303     	344.776     	
1           24.3591     	83.3834     	345.52      	
1           23.6278     	82.9462     	346.044     	
1           22.9628     	83.28       	346.712     	
1           22.14       	82.984      	347.197     	
1           21.284      	82.6063     	347.552     	
1           20.8122     	82.095      	348.27      	
1           21.0288     	81.303      	348.841     	
1           21.5603     	80.637      	349.365     	
1           22.0316     	79.8296     	349.721     	
1           22.034      	78.83       	349.682     	
1           22.5068     	77.9601     	349.554     	
1           23.1503     	77.3856     	349.045     	
1           24.1384     	77.3689     	348.895     	
1           25.1255     	77.2266     	348.972     	
1           25.8994     	77.0776     	349.586     	
1           26.8703     	77.0336     	349.821     	
1           27.8072     	76.7624     	349.6       	
1           28.729      	76.5969     	349.247     	
1           29.6748     	76.569      	348.928     	
1           30.5774     	76.8754     	348.621     	
1           31.4141     	77.313      	348.293     	
1           31.923      	78.0004     	347.775     	
1           32.1618     	78.969      	347.844     	
1           32.731      	79.7876     	347.928     	
1           33.2621     	80.63       	348.012     	
1           34.0464     	81.1842     	347.731     	
1           34.6607     	81.7578     	347.19      	
1           35.4029     	82.3683     	346.913     	
1           35.8885     	83.2326     	347.044     	
1           36.2848     	84.1229     	347.269     	
1           36.8651     	84.9369     	347.292     	
1           37.2234     	85.8429     	347.518     	
1           37.3986     	86.7764     	347.83      	
1           37.6908     	87.699      	348.082     	
1           38.1849     	88.4712     	348.482     	
1           38.5924     	89.373      	348.338     	
1           38.7258     	90.3641     	348.342     	
1           38.8916     	91.3498     	348.312     	
1           39.5374     	91.9805     	347.882     	
1           40.3186     	92.3353     	347.368     	
1           41.1405     	92.5596     	346.845     	
1           41.7333     	92.7884     	346.073     	
1           41.8739     	92.7552     	345.083     	
1           42.1503     	92.432      	344.178     	
1           42.1708     	92.0477     	343.255     	
1           42.2402     	91.6402     	342.344     	
1           42.4968     	91.8573     	341.403     	
1           42.9368     	92.4398     	340.719     	
1           43.6316     	92.7788     	340.085     	
1           44.5266     	93.1378     	339.82      	
1           45.2245     	93.1192     	339.104     	
1           45.9669     	93.5648     	338.604     	
1           46.6519     	93.9374     	337.978     	
1           47.3295     	94.4899     	337.492     	
1           47.8999     	95.0936     	336.936     	
1           48.5085     	95.7258     	336.456     	
1           48.6959     	96.5381     	335.904     	
1           49.2845     	97.023      	335.257     	
1           49.6741     	97.8877     	334.94      	
1           50.0477     	98.5404     	334.281     	
1           50.3503     	99.0861     	333.499     	
1           50.4782     	99.8198     	332.832     	
1           50.4264     	100.777     	332.548     	
1           50.8262     	101.486     	331.967     	
1           51.4499     	102.247     	331.787     	
1           52.1604     	102.943     	331.892     	
1           53.0139     	103.463     	331.926     	
1           53.753      	104.137     	331.916     	
1           54.5218     	104.765     	331.8       	
1           55.1966     	105.497     	331.703     	
1           55.8622     	106.122     	331.295     	
1           56.437      	106.694     	330.71      	
1           57.2927     	107.077     	330.362     	
1           58.1791     	107.294     	329.953     	
1           59.0365     	107.75      	329.714     	
1           59.7212     	108.273     	329.207     	
1           60.0845     	109.173     	328.963     	
1           60.0868     	110.172     	328.929     	
1           60.1075     	111.141     	329.178     	
1           60.1691     	112.139     	329.2       	
1           60.7841     	112.741     	328.691     	
1           61.3982     	112.999     	327.945     	
1           61.7864     	113.54      	327.199     	
1           62.1086     	113.901     	326.324     	
1           62.1976     	114.259     	325.394     	
1           62.1416     	115         	324.725     	
1           61.9232     	115.788     	324.15      	
1           61.7675     	116.628     	323.63      	
1           61.006      	117.136     	323.228     	
1           60.4077     	117.917     	323.047     	
1           59.9521     	118.538     	322.408     	
1           59.3243     	119.112     	321.883     	
1           58.4684     	119.472     	321.512     	
1           57.796      	120.202     	321.389     	
1           56.9757     	120.668     	321.057     	
1           56.1354     	121.152     	320.812     	
1           55.7779     	121.968     	320.358     	
1           54.9983     	122.496     	320.021     	
1           54.3831     	123.246     	319.782     	
1           53.6459     	123.876     	319.537     	
1           52.8529     	124.438     	319.3       	
1           51.9204     	124.686     	319.038     	
1           51.2688     	125.425     	319.211     	
1           50.2806     	125.452     	319.361     	
1           49.512      	125.235     	319.963     	
1           49.0449     	125.438     	320.824     	
1           48.6581     	125.893     	321.626     	
1           48.2706     	126.464     	322.35      	
1           48.1221     	126.773     	323.289     	
1           47.8245     	127         	324.216     	
1           47.2433     	127.329     	324.961     	
1           46.5938     	127.36      	325.72      	
1           45.9886     	127.179     	326.496     	
1           45.4507     	126.732     	327.21      	
1           44.6625     	126.653     	327.821     	
1           43.7996     	126.149     	327.854     	
1           42.9279     	125.666     	327.942     	
1           42.0299     	125.237     	328.038     	
1           41.1365     	124.953     	328.386     	
1           40.2236     	125.153     	328.742     	
1           39.5789     	125.223     	329.504     	
1           39.3021     	125.489     	330.427     	
1           39.3058     	125.619     	331.418     	
1           39.2597     	125.756     	332.408     	
1           39.5488     	125.387     	333.291     	
1           39.4072     	124.746     	334.046     	
1           39.1292     	124.257     	334.873     	
1           38.8144     	123.888     	335.747     	
1           38.449      	123.765     	336.67      	
1           38.3189     	123.698     	337.659     	
1           38.6095     	123.465     	338.587     	
1           39.3178     	123.017     	339.132     	
1           40.1228     	122.855     	339.703     	
1           40.832      	122.986     	340.396     	
1           41.5957     	122.977     	341.041     	
1           42.092      	123.289     	341.851     	
1           41.8458     	123.906     	342.599     	
1           41.9374     	124.03      	343.587     	
1           42.2437     	124.255     	344.512     	
1           42.0726     	124.464     	345.475     	
1           41.8368     	124.333     	346.438     	
1           41.3299     	124.837     	347.137     	
1           40.6954     	124.854     	347.909     	
1           40.1652     	125.529     	348.423     	
1           39.8992     	125.766     	349.357     	
1           39.4786     	125.939     	350.248     	
1           39.2345     	126.01      	351.215     	
1           38.95       	125.805     	352.152     	
1           38.5938     	125.674     	353.077     	
1           38.1529     	125.276     	353.881     	
1           37.3878     	124.916     	354.415     	
1           36.6517     	124.538     	354.976     	
1           36.275      	123.775     	355.502     	
1           36.4836     	122.822     	355.719     	
1           36.7972     	121.875     	355.642     	
1           37.349      	121.068     	355.431     	
1           37.7458     	120.151     	355.409     	
1           38.0948     	119.221     	355.292     	
1           38.5634     	118.341     	355.213     	
1           38.9952     	117.456     	355.04      	
1           39.3676     	116.665     	354.554     	
1           39.4437     	115.861     	353.965     	
1           39.4233     	115.216     	353.201     	
1           39.7815     	114.853     	352.341     	
1           40.6156     	114.694     	351.812     	
1           41.4323     	114.521     	351.262     	
1           42.2716     	114.627     	350.729     	
1           43.1758     	114.413     	350.359     	
1           43.9783     	113.908     	350.041     	
1           44.3128     	113.17      	349.455     	
1           44.8929     	112.464     	349.049     	
1           45.5422     	112.096     	348.384     	
1           46.0424     	111.555     	347.708     	
1           46.804      	111.119     	347.228     	
1           47.5748     	110.614     	346.84      	
1           48.3504     	110.212     	346.353     	
1           49.2041     	109.691     	346.37      	
1           50.1848     	109.529     	346.477     	
1           50.9996     	109.654     	347.043     	
1           51.8633     	109.74      	347.54      	
1           52.7627     	110.169     	347.623     	
1           53.7288     	110.374     	347.466     	
1           54.7273     	110.322     	347.483     	
1           55.5946     	110.094     	347.926     	
1           56.3184     	109.807     	348.553     	
1           57.0932     	109.724     	349.18      	
1           57.7033     	110.203     	349.811     	
1           58.221      	110.636     	350.548     	
1           58.3956     	110.785     	351.522     	
1           58.8925     	110.956     	352.373     	
1           59.0905     	111.517     	353.176     	
1           59.8159     	111.631     	353.855     	
1           60.5924     	112.038     	354.336     	
1           60.7967     	112.173     	355.306     	
1           61.3965     	112.306     	356.094     	
1           62.1268     	112.792     	356.575     	
1           62.9776     	113.243     	356.846     	
1           63.7094     	113.852     	357.151     	
1           64.3074     	114.618     	357.388     	
1           64.542      	115.583     	357.503     	
1           64.6282     	116.413     	358.055     	
1           64.632      	117.274     	358.562     	
1           64.3612     	117.987     	359.209     	
1           64.1953     	118.249     	360.16      	
1           63.4046     	118.753     	360.507     	
1           62.7416     	119.312     	361.005     	
1           62.376      	119.731     	361.836     	
1           62.0649     	120.118     	362.704     	
1           61.7477     	120.203     	363.649     	
1           61.0405     	120.353     	364.34      	
1           60.1231     	120.317     	364.736     	
1           59.133      	120.424     	364.828     	
1           58.1435     	120.474     	364.963     	
1           57.1924     	120.654     	364.712     	
1           56.3463     	120.792     	364.197     	
1           55.6727     	121.177     	363.566     	
1           55.3604     	121.709     	362.779     	
1           54.5335     	121.944     	362.268     	
1           54.0459     	122.398     	361.522     	
1           53.8736     	123.383     	361.53      	
1           53.5487     	124.312     	361.352     	
1           53.0601     	125.06      	360.904     	
1           52.3408     	125.704     	360.643     	
1           51.6862     	126.276     	360.149     	
1           50.8427     	126.564     	359.695     	
1           49.9518     	126.56      	359.241     	
1           49.1348     	126.502     	358.667     	
1           48.3891     	126.061     	358.169     	
1           47.8159     	125.251     	358.042     	
1           47.2023     	124.468     	357.939     	
1           46.4145     	123.854     	357.985     	
1           45.6762     	123.194     	357.843     	
1           45.0436     	122.535     	357.437     	
1           44.4657     	121.904     	356.919     	
1           44.3278     	120.98      	356.562     	
1           43.8026     	120.152     	356.366     	
1           43.0112     	119.55      	356.469     	
1           42.4654     	118.721     	356.591     	
1           41.9734     	117.999     	357.078     	
1           41.5324     	117.313     	357.657     	
1           41.9212     	116.744     	358.381     	
1           41.571      	115.811     	358.297     	
1           41.3618     	114.871     	358.025     	
1           40.7207     	114.297     	357.516     	
1           40.1908     	113.503     	357.219     	
1           39.5908     	112.717     	357.068     	
1           38.7893     	112.132     	356.938     	
1           38.0162     	111.553     	356.678     	
1           37.2333     	111.108     	356.247     	
1           36.3042     	110.78      	356.423     	
1           35.7559     	109.947     	356.495     	
1           35.0086     	109.319     	356.715     	
1           34.4468     	108.57      	356.366     	
1           33.5689     	108.11      	356.496     	
1           32.7322     	107.683     	356.841     	
1           32.0374     	107.213     	357.385     	
1           31.2241     	106.734     	357.716     	
1           30.9463     	105.845     	358.077     	
1           30.6504     	105.244     	358.821     	
1           30.6251     	104.61      	359.594     	
1           30.8521     	104.309     	360.521     	
1           30.8745     	104.061     	361.489     	
1           31.1632     	103.94      	362.438     	
1           31.2855     	103.079     	362.931     	
1           31.5873     	102.304     	363.487     	
1           31.5366     	101.366     	363.828     	
1           30.9072     	100.675     	364.185     	
1           30.4796     	100.129     	364.906     	
1           30.3377     	99.6419     	365.767     	
1           29.5077     	99.6077     	366.326     	
1           28.8277     	99.9303     	366.983     	
1           28.2945     	100.345     	367.72      	
1           27.9246     	100.906     	368.461     	
1           27.4992     	101.41      	369.212     	
1           26.9874     	101.104     	370.013     	
1           26.0028     	100.999     	370.167     	
1           25.0641     	101.322     	370.059     	
1           24.226      	101.708     	369.674     	
1           23.4091     	101.579     	369.111     	
1           22.5768     	101.178     	368.727     	
1           21.7372     	100.972     	368.224     	
1           20.8036     	100.697     	367.998     	
1           19.8557     	100.892     	367.744     	
1           18.9021     	101.186     	367.801     	
1           17.9355     	101.1       	368.045     	
1           17.0245     	100.922     	368.416     	
1           16.1102     	100.968     	368.815     	
1           15.1379     	101.122     	368.999     	
1           14.1393     	101.078     	369.008     	
1           13.1497     	100.991     	369.121     	
1           12.1609     	100.895     	369.006     	
1           11.3663     	100.915     	368.399     	
1           10.5758     	100.858     	367.789     	
1           10.2622     	100.969     	366.846     	
1           10.2751     	101.019     	365.847     	
1           10.6399     	100.541     	365.049     	
1           10.8042     	99.7078     	364.522     	
1           11.1773     	98.7872     	364.392     	
1           11.9244     	98.1262     	364.337     	
1           12.6626     	97.9326     	363.689     	
1           13.4843     	97.4061     	363.478     	
1           14.3779     	97.2383     	363.059     	
1           14.8774     	96.9333     	362.249     	
1           15.1833     	96.9948     	361.299     	
1           15.431      	96.3938     	360.54      	
1           15.6168     	96.1496     	359.587     	
1           16.1979     	95.9077     	358.81      	
1           16.3965     	95.5555     	357.896     	
1           16.4818     	95.1048     	357.008     	
1           16.5239     	94.334      	356.371     	
1           16.6195     	93.8149     	355.522     	
1           17.1824     	93.7961     	354.694     	
1           17.8794     	94.4736     	354.468     	
1           18.344      	95.0894     	353.83      	
1           18.8097     	95.6904     	353.181     	
1           19.5304     	96.3457     	352.955     	
1           19.8728     	97.2654     	352.759     	
1           19.4493     	98.1579     	352.912     	
1           19.2235     	99.0517     	352.524     	
1           18.5604     	99.7987     	352.492     	
1           18.4921     	100.793     	352.579     	
1           18.6835     	101.744     	352.341     	
1           18.7168     	102.681     	351.992     	
1           18.3686     	103.221     	351.225     	
1           17.8836     	103.699     	350.491     	
1           17.357      	104.232     	349.831     	
1           16.5602     	104.525     	349.302     	
1           15.6375     	104.848     	349.092     	
1           14.7586     	104.959     	348.626     	
1           13.816      	104.764     	348.357     	
1           12.9        	104.41      	348.166     	
1           11.9732     	104.075     	347.998     	
1           11.0879     	103.765     	347.653     	
1           10.173      	103.363     	347.685     	
1           9.40642     	102.751     	347.487     	
1           8.73438     	102.015     	347.567     	
1           7.9514      	101.604     	347.101     	
1           7.42327     	101.255     	346.327     	
1           6.8403      	100.627     	345.811     	
1           6.36832     	100.14      	345.078     	
1           6.03241     	99.5119     	344.374     	
1           5.75843     	98.8321     	343.694     	
1           5.46365     	98.2343     	342.949     	
1           4.8488      	97.6602     	342.407     	
1           4.00584     	97.6175     	341.872     	
1           3.34361     	97.7709     	341.139     	
1           2.78535     	97.774      	340.308     	
1           1.95175     	97.3562     	339.949     	
1           1.16191     	96.989      	339.456     	
1           0.238536    	96.9904     	339.075     	
1           -0.671077   	96.7311     	338.751     	
1           -1.58239    	96.9425     	338.395     	
1           -2.42512    	97.1741     	337.91      	
1           -3.13784    	97.3357     	337.226     	
1           -3.78081    	97.4216     	336.466     	
1           -4.73206    	97.4355     	336.156     	
1           -5.45146    	96.774      	335.945     	
1           -6.12095    	96.1176     	335.599     	
1           -6.90459    	95.7527     	335.096     	
1           -7.5683     	95.3287     	334.48      	
1           -8.41807    	95.0424     	334.038     	
1           -9.34514    	95.0466     	333.66      	
1           -10.2641    	95.3653     	333.426     	
1           -10.8512    	95.7369     	332.709     	
1           -11.6469    	95.924      	332.131     	
1           -12.0663    	96.3004     	331.306     	
1           -12.2106    	96.3929     	330.321     	
1           -12.3687    	96.5307     	329.342     	
1           -12.2971    	96.7773     	328.376     	
1           -11.8213    	97.4638     	327.826     	
1           -11.0543    	98.0178     	327.504     	
1           -10.061     	98.0398     	327.619     	
1           -9.06778    	97.9541     	327.697     	
1           -8.07048    	98.0104     	327.735     	
1           -7.13579    	97.6958     	327.568     	
1           -6.23682    	97.2599     	327.509     	
1           -5.2598     	97.2464     	327.298     	
1           -4.54166    	97.5643     	326.681     	
1           -3.79764    	97.4398     	326.023     	
1           -3.20827    	96.7563     	325.594     	
1           -2.8805     	95.8115     	325.627     	
1           -2.13334    	95.1757     	325.822     	
1           -1.27127    	94.6833     	325.938     	
1           -0.387032   	94.3138     	325.651     	
1           0.573661    	94.0356     	325.627     	
1           1.52169     	93.7428     	325.504     	
1           2.06209     	93.0319     	325.056     	
1           2.82942     	92.4673     	324.749     	
1           3.5583      	92.1675     	324.133     	
1           4.16866     	91.5962     	323.587     	
1           4.98063     	91.4965     	323.01      	
1           5.94821     	91.6011     	322.785     	
1           6.57612     	91.8685     	322.054     	
1           7.28582     	92.0745     	321.38      	
1           8.20704     	92.1712     	321.001     	
1           9.11216     	92.0783     	320.587     	
1           9.85355     	92.4265     	320.015     	
1           10.3836     	93.0192     	319.407     	
1           10.3507     	93.3303     	318.458     	
1           10.4952     	93.8209     	317.598     	
1           10.6766     	94.3724     	316.783     	
1           10.987      	94.6453     	315.873     	
1           10.7337     	95.1747     	315.063     	
1           10.3022     	95.9611     	314.621     	
1           9.42304     	96.3053     	314.949     	
1           8.44678     	96.2742     	315.162     	
1           7.5477      	96.3615     	314.731     	
1           6.60897     	96.2838     	314.394     	
1           5.76421     	96.0483     	313.913     	
1           4.91839     	95.5212     	313.971     	
1           4.36363     	95.0703     	313.272     	
1           4.21726     	94.7201     	312.347     	
1           3.50955     	94.5273     	311.667     	
1           3.0482      	94.3854     	310.791     	
1           2.37805     	94.0011     	310.155     	
1           1.96456     	93.6746     	309.305     	
1           1.98034     	93.6301     	308.306     	
1           2.46048     	93.8266     	307.452     	
1           3.15562     	94.2304     	306.858     	
1           3.93948     	94.4809     	306.289     	
1           4.90168     	94.7478     	306.229     	
1           5.8386      	94.8898     	306.547     	
1           6.79095     	95.1591     	306.686     	
1           7.78699     	95.0812     	306.627     	
1           8.73299     	94.9542     	306.331     	
1           9.5594      	94.9478     	305.767     	
1           10.5166     	95.1417     	305.55      	
1           11.2717     	95.2406     	304.901     	
1           12.1303     	95.3742     	304.409     	
1           12.5479     	94.9554     	303.603     	
1           13.0148     	94.1856     	303.168     	
1           13.6316     	93.4175     	303.344     	
1           14.3407     	92.7814     	303.647     	
1           15.0237     	92.2288     	304.125     	
1           14.8966     	91.2906     	304.449     	
1           15.1505     	90.3619     	304.718     	
1           15.0904     	89.558      	305.308     	
1           15.2462     	88.7303     	305.847     	
1           15.1365     	87.8928     	306.385     	
1           14.6603     	87.059      	306.662     	
1           14.3532     	86.7005     	307.544     	
1           14.0517     	86.2659     	308.393     	
1           13.826      	85.4576     	308.937     	
1           14.458      	84.784      	309.317     	
1           15.3518     	84.4337     	309.596     	
1           16.2553     	84.1945     	309.952     	
1           17.0146     	83.6131     	310.247     	
1           17.9173     	83.1905     	310.33      	
1           18.7868     	82.8123     	310.647     	
1           19.1697     	81.8898     	310.636     	
1           19.1381     	81.0664     	311.205     	
1           19.0807     	80.2224     	311.736     	
1           19.4538     	79.3356     	312.007     	
1           20.2839     	78.7764     	311.989     	
1           21.2148     	78.4855     	311.77      	
1           22.1287     	78.3895     	311.376     	
1           22.9192     	78.7086     	310.854     	
1           23.7209     	79.2286     	310.558     	
1           24.4375     	79.6311     	309.988     	
1           25.0213     	79.9286     	309.232     	
1           25.7947     	80.0505     	308.611     	
1           26.6847     	80.0409     	308.152     	
1           27.3541     	80.2779     	307.45      	
1           28.1464     	80.7469     	307.059     	
1           28.9999     	81.1889     	306.786     	
1           29.7089     	81.8952     	306.782     	
1           30.2206     	82.7106     	307.053     	
1           30.757      	83.5529     	306.997     	
1           31.0881     	84.496      	306.998     	
1           31.7569     	85.2322     	307.094     	
1           32.2111     	86.1022     	306.899     	
1           32.6123     	86.8422     	306.357     	
1           32.7361     	87.8114     	306.148     	
1           32.9909     	88.7791     	306.118     	
1           32.6557     	89.566      	306.635     	
1           32.5265     	90.2772     	307.326     	
1           32.241      	91.0426     	307.902     	
1           32.4782     	91.5437     	308.734     	
1           32.3647     	91.9585     	309.637     	
1           32.4074     	92.2809     	310.583     	
1           31.9519     	92.9303     	311.192     	
1           31.8382     	93.7346     	311.775     	
1           31.6326     	94.587      	312.256     	
1           31.0826     	95.3854     	312.497     	
1           30.6139     	96.1732     	312.9       	
1           29.944      	96.8857     	312.693     	
1           29.196      	97.528      	312.533     	
1           28.4492     	98.1287     	312.243     	
1           27.627      	98.5419     	311.851     	
1           26.821      	98.219      	311.354     	
1           26.2372     	97.7986     	310.66      	
1           25.4027     	97.279      	310.835     	
1           24.9002     	96.4125     	310.832     	
1           24.3348     	95.6869     	310.44      	
1           23.5507     	95.0708     	310.516     	
1           23.0292     	94.3531     	310.976     	
1           22.366      	93.8046     	311.484     	
1           21.6435     	93.3447     	312.002     	
1           21.283      	92.6597     	312.636     	
1           20.7223     	92.1823     	313.311     	
1           20.4274     	91.697      	314.134     	
1           20.18       	91.1924     	314.962     	
1           19.9506     	90.8783     	315.883     	
1           20.0853     	90.7424     	316.864     	
1           19.911      	90.6215     	317.842     	
1           19.3192     	90.6301     	318.648     	
1           18.8641     	90.809      	319.519     	
1           18.6825     	91.051      	320.473     	
1           18.0908     	91.3408     	321.225     	
1           17.5278     	91.9476     	321.788     	
1           17.2684     	92.7055     	322.387     	
1           17.4397     	93.6512     	322.661     	
1           17.5162     	94.4742     	323.222     	
1           17.6364     	95.421      	323.522     	
1           18.0097     	96.2743     	323.887     	
1           18.4187     	97.0357     	324.388     	
1           18.2049     	97.2977     	325.33      	
1           18.2988     	96.9015     	326.244     	
1           18.1363     	97.4166     	327.085     	
1           18.4344     	97.6676     	328.005     	
1           18.1756     	97.7232     	328.971     	
1           18.1734     	98.0011     	329.931     	
1           17.6304     	98.2044     	330.746     	
1           17.0696     	98.7164     	331.395     	
1           16.627      	99.2831     	332.091     	
1           16.1017     	99.7567     	332.798     	
1           15.6255     	100.576     	333.12      	
1           15.0836     	101.079     	333.793     	
1           14.4352     	101.671     	334.271     	
1           13.9972     	102.275     	334.938     	
1           13.7408     	102.845     	335.718     	
1           13.4668     	103.71      	336.138     	
1           13.294      	104.473     	336.762     	
1           13.2412     	105.412     	337.1       	
1           13.1424     	106.293     	337.562     	
1           13.5106     	107.161     	337.893     	
1           13.4203     	108.023     	338.393     	
1           13.5956     	108.937     	338.76      	
1           14.1557     	109.408     	339.44      	
1           14.7828     	109.436     	340.219     	
1           14.9846     	110.112     	340.928     	
1           15.0721     	110.878     	341.564     	
1           15.2875     	111.8       	341.887     	
1           15.752      	112.668     	342.069     	
1           16.3342     	113.314     	342.562     	
1           17.0741     	113.64      	343.15      	
1           17.5214     	114.373     	343.663     	
1           17.8304     	115.12      	344.249     	
1           18.3256     	115.815     	344.772     	
1           18.9105     	116.259     	345.451     	
1           19.7409     	116.452     	345.974     	
1           20.2482     	116.124     	346.77      	
1           20.5984     	116.683     	347.522     	
1           20.8323     	117.148     	348.376     	
1           21.2614     	117.334     	349.259     	
1           21.9785     	117.578     	349.915     	
1           22.4646     	117.594     	350.788     	
1           23.1086     	117.707     	351.544     	
1           23.2702     	117.928     	352.505     	
1           23.1822     	117.862     	353.499     	
1           23.5465     	117.694     	354.415     	
1           24.2295     	117.383     	355.076     	
1           24.9852     	117.119     	355.676     	
1           25.7932     	116.671     	356.059     	
1           26.1377     	116.889     	356.972     	
1           26.0684     	117.06      	357.955     	
1           26.3249     	117.349     	358.877     	
1           26.709      	117.194     	359.788     	
1           27.2138     	116.789     	360.55      	
1           27.8873     	116.421     	361.191     	
1           28.7998     	116.52      	361.588     	
1           29.7658     	116.271     	361.659     	
1           30.6298     	115.864     	361.364     	
1           31.4257     	115.258     	361.403     	
1           32.3102     	114.793     	361.411     	
1           33.3027     	114.738     	361.523     	
1           34.2715     	114.53      	361.4       	
1           35.0756     	114.483     	360.807     	
1           36.0103     	114.181     	360.617     	
1           36.8425     	113.627     	360.65      	
1           37.8158     	113.487     	360.826     	
1           38.7752     	113.725     	360.984     	
1           39.7457     	113.585     	361.174     	
1           40.6149     	114.047     	360.996     	
1           41.5459     	114.413     	361.03      	
1           42.3283     	115.032     	361.094     	
1           42.8194     	115.847     	361.405     	
1           43.4527     	116.52      	361.786     	
1           44.1314     	117.222     	361.572     	
1           44.8419     	117.734     	361.09      	
1           45.4637     	118.225     	360.48      	
1           45.9046     	118.785     	359.778     	
1           46.275      	119.546     	359.246     	
1           46.6132     	120.299     	358.681     	
1           47.2667     	120.624     	357.997     	
1           47.6765     	120.807     	357.104     	
1           47.5882     	120.437     	356.178     	
1           47.7176     	119.87      	355.365     	
1           47.5479     	119.192     	354.65      	
1           46.9257     	118.864     	353.939     	
1           46.4312     	118.935     	353.073     	
1           45.6366     	118.88      	352.468     	
1           44.8014     	118.711     	351.944     	
1           44.1553     	118.478     	351.218     	
1           43.8044     	118.182     	350.331     	
1           43.6941     	117.967     	349.359     	
1           43.5255     	117.402     	348.551     	
1           43.2359     	117.41      	347.594     	
1           42.8425     	117.392     	346.676     	
1           42.4037     	117.813     	345.881     	
1           41.975      	118.398     	345.193     	
1           41.4084     	118.771     	344.458     	
1           40.7651     	118.989     	343.724     	
1           39.9441     	119.098     	343.164     	
1           39.3493     	119.131     	342.361     	
1           38.4608     	119.144     	341.9       	
1           37.6809     	119.727     	341.675     	
1           37.543      	120.713     	341.583     	
1           37.5891     	121.686     	341.36      	
1           37.2859     	122.606     	341.11      	
1           36.8031     	123.421     	340.787     	
1           36.0603     	123.52      	340.127     	
1           35.3225     	123.664     	339.466     	
1           34.4729     	123.818     	338.962     	
1           33.6736     	124.191     	338.491     	
1           32.7904     	124.466     	338.111     	
1           32.0211     	124.831     	337.588     	
1           31.3642     	125.533     	337.312     	
1           30.7286     	126.263     	337.059     	
1           29.8062     	126.646     	337.127     	
1           28.9882     	127.147     	336.847     	
1           28.2653     	127.838     	336.852     	
1           27.6059     	128.58      	336.736     	
1           26.827      	129.205     	336.797     	
1           25.8692     	129.476     	336.897     	
1           24.8897     	129.641     	337.01      	
1           24.0805     	129.157     	337.342     	
1           23.5805     	128.7       	338.077     	
