1000

1           -45.2541    	-43.215     	17.8966     	
1           -44.5004    	-43.3164    	17.2477     	
1           -44.3854    	-43.1714    	16.2646     	
1           -44.6461    	-42.3557    	15.7479     	
1           -45.2086    	-41.8673    	15.0813     	
1           -45.6499    	-41.9453    	14.1878     	
1           -46.2762    	-42.1958    	13.4489     	
1           -46.6161    	-42.2538    	12.5103     	
1           -46.7474    	-42.0064    	11.55       	
1           -46.9327    	-41.958     	10.5686     	
1           -46.9604    	-41.7053    	9.60141     	
1           -46.8444    	-41.594     	8.61421     	
1           -47.0014    	-41.5327    	7.62828     	
1           -47.3297    	-41.5762    	6.68483     	
1           -47.4842    	-41.2263    	5.76065     	
1           -47.4298    	-40.9117    	4.81327     	
1           -47.4395    	-40.3062    	4.01719     	
1           -47.2742    	-39.7846    	3.17964     	
1           -47.7566    	-39.3237    	2.43526     	
1           -48.0061    	-38.7618    	1.64695     	
1           -48.7058    	-38.9224    	0.950656    	
1           -49.4168    	-38.6521    	0.300763    	
1           -49.8531    	-38.6786    	-0.598468   	
1           -50.2941    	-39.1046    	-1.38776    	
1           -50.9602    	-39.6702    	-1.87521    	
1           -51.6823    	-39.9967    	-2.48557    	
1           -52.299     	-40.2932    	-3.2144     	
1           -52.8904    	-40.3254    	-4.02003    	
1           -53.6745    	-40.0775    	-4.58856    	
1           -54.5701    	-39.7416    	-4.88161    	
1           -55.5609    	-39.621     	-4.9303     	
1           -56.1759    	-39.4907    	-5.70828    	
1           -56.7094    	-39.3615    	-6.54427    	
1           -57.2357    	-39.3119    	-7.39289    	
1           -57.3539    	-39.0781    	-8.35783    	
1           -57.4274    	-39.0815    	-9.35516    	
1           -57.1716    	-39.8026    	-9.99895    	
1           -57.2622    	-40.4784    	-10.7311    	
1           -57.0888    	-41.4379    	-10.9505    	
1           -56.5304    	-42.2674    	-10.9604    	
1           -55.8429    	-42.9923    	-10.9158    	
1           -55.3268    	-43.5978    	-11.5211    	
1           -54.82      	-43.5564    	-12.3823    	
1           -54.6456    	-43.3374    	-13.3423    	
1           -54.207     	-43.0125    	-14.1804    	
1           -54.0979    	-42.9338    	-15.1715    	
1           -54.0531    	-43.1686    	-16.1422    	
1           -53.6045    	-43.8127    	-16.7617    	
1           -53.2228    	-44.457     	-17.4243    	
1           -52.9768    	-45.0146    	-18.2176    	
1           -52.585     	-45.5626    	-18.9567    	
1           -52.6902    	-46.5291    	-19.1922    	
1           -52.5459    	-47.4124    	-18.7462    	
1           -52.4325    	-48.3219    	-18.3479    	
1           -52.4418    	-49.128     	-17.756     	
1           -52.7548    	-50.0304    	-17.4609    	
1           -52.9655    	-50.9366    	-17.0933    	
1           -53.6124    	-51.6428    	-16.8056    	
1           -53.6278    	-52.5843    	-16.4705    	
1           -54.1094    	-53.4396    	-16.274     	
1           -54.6257    	-54.2611    	-16.0358    	
1           -55.2806    	-54.9729    	-15.781     	
1           -55.6483    	-55.6518    	-15.1461    	
1           -55.5366    	-56.0748    	-14.2467    	
1           -55.3715    	-56.4956    	-13.3546    	
1           -55.539     	-56.7764    	-12.4098    	
1           -55.6557    	-57.0485    	-11.4541    	
1           -55.3946    	-57.2408    	-10.5086    	
1           -55.1204    	-57.1247    	-9.55364    	
1           -55.323     	-56.6107    	-8.7204     	
1           -55.1053    	-55.7591    	-8.2434     	
1           -54.8723    	-54.9695    	-7.67416    	
1           -54.9809    	-54.5022    	-6.79699    	
1           -54.559     	-53.8509    	-6.16666    	
1           -54.1605    	-53.1909    	-5.53019    	
1           -53.4478    	-52.7123    	-5.01772    	
1           -52.4907    	-52.6085    	-4.74709    	
1           -51.9093    	-51.796     	-4.70125    	
1           -51.0051    	-51.3863    	-4.82206    	
1           -50.0862    	-51.067     	-4.58776    	
1           -49.2006    	-50.7809    	-4.223      	
1           -48.3336    	-50.9076    	-3.73954    	
1           -47.8376    	-51.5873    	-3.20052    	
1           -47.6388    	-52.2397    	-2.46923    	
1           -47.8898    	-52.7123    	-1.6243     	
1           -48.3164    	-53.2279    	-0.881073   	
1           -48.584     	-53.0537    	0.0662083   	
1           -48.4062    	-53.3107    	1.01604     	
1           -48.0294    	-53.1633    	1.93112     	
1           -47.884     	-52.6242    	2.76062     	
1           -47.6583    	-52.4984    	3.72675     	
1           -47.4032    	-52.7602    	4.65747     	
1           -47.3438    	-53.2057    	5.54995     	
1           -46.9944    	-53.3704    	6.47334     	
1           -46.528     	-53.6269    	7.31989     	
1           -46.1696    	-53.5699    	8.25094     	
1           -45.6101    	-53.3806    	9.05814     	
1           -44.958     	-53.0043    	9.71818     	
1           -44.9865    	-52.4178    	10.526      	
1           -44.9336    	-51.9121    	11.3883     	
1           -44.8286    	-51.4514    	12.269      	
1           -45.2546    	-51.6761    	13.1453     	
1           -45.5587    	-52.0956    	14.0008     	
1           -46.2092    	-52.1128    	14.7603     	
1           -46.3606    	-52.3257    	15.725      	
1           -46.8931    	-52.513     	16.5504     	
1           -47.4588    	-52.7124    	17.351      	
1           -48.4117    	-52.6457    	17.647      	
1           -49.1806    	-52.8701    	18.2453     	
1           -49.7364    	-53.0515    	19.0563     	
1           -50.5559    	-53.1625    	19.6193     	
1           -51.1833    	-53.1335    	20.3976     	
1           -51.37      	-52.9273    	21.3579     	
1           -51.5474    	-52.5743    	22.2767     	
1           -51.6028    	-52.3177    	23.2411     	
1           -51.5406    	-51.9196    	24.1562     	
1           -51.0557    	-51.8451    	25.0287     	
1           -50.0959    	-51.712     	25.2746     	
1           -49.217     	-51.2925    	25.5028     	
1           -48.5978    	-50.5216    	25.3588     	
1           -47.8065    	-49.9514    	25.5786     	
1           -47.1758    	-49.2143    	25.8242     	
1           -46.7058    	-48.5387    	26.393      	
1           -46.2684    	-48.2681    	27.251      	
1           -46.1674    	-47.7434    	28.0955     	
1           -46.0446    	-46.8848    	28.5937     	
1           -46.009     	-45.9565    	28.9655     	
1           -45.8213    	-45.1509    	29.5275     	
1           -46.097     	-44.1929    	29.4504     	
1           -46.4229    	-43.2513    	29.3686     	
1           -46.0599    	-42.4142    	28.9584     	
1           -45.7329    	-42.064     	28.0809     	
1           -45.6893    	-41.7102    	27.1469     	
1           -45.5271    	-41.2209    	26.2899     	
1           -45.3612    	-40.7058    	25.4484     	
1           -45.1231    	-39.8906    	24.9218     	
1           -44.7035    	-39.0389    	24.6074     	
1           -44.1735    	-38.4018    	24.0482     	
1           -44.0382    	-37.8809    	23.2048     	
1           -43.692     	-37.3855    	22.4088     	
1           -43.2869    	-36.9232    	21.6192     	
1           -42.9799    	-36.1544    	21.0585     	
1           -42.6973    	-35.5627    	20.3029     	
1           -42.7044    	-35.2124    	19.3658     	
1           -42.9669    	-34.7448    	18.5231     	
1           -42.8385    	-34.1167    	17.755      	
1           -42.7733    	-33.5229    	16.9525     	
1           -42.0471    	-33.3776    	16.2809     	
1           -41.2847    	-33.0581    	15.7187     	
1           -40.3984    	-32.7069    	15.4162     	
1           -39.5513    	-32.1755    	15.4136     	
1           -38.7418    	-31.5941    	15.3299     	
1           -37.8367    	-31.6294    	15.7531     	
1           -36.8692    	-31.44      	15.9205     	
1           -36.008     	-30.9843    	16.1457     	
1           -35.3543    	-30.2445    	15.9862     	
1           -34.7915    	-29.4587    	15.7292     	
1           -34.0695    	-28.8447    	15.4101     	
1           -33.3123    	-28.2149    	15.5854     	
1           -32.5016    	-27.7386    	15.2466     	
1           -31.6679    	-27.8955    	14.7158     	
1           -30.9362    	-27.5486    	14.1307     	
1           -30.7221    	-27.297     	13.1871     	
1           -30.8235    	-26.7861    	12.3332     	
1           -30.7298    	-26.5515    	11.3649     	
1           -30.8575    	-26.2694    	10.4148     	
1           -31.1147    	-26.3102    	9.4493      	
1           -31.5212    	-26.2124    	8.53988     	
1           -31.4278    	-25.7444    	7.66198     	
1           -31.5796    	-25.251     	6.80517     	
1           -31.6082    	-24.5072    	6.13767     	
1           -31.8315    	-23.5627    	5.89589     	
1           -31.5527    	-22.6305    	5.66862     	
1           -31.1951    	-21.8531    	5.14945     	
1           -31.3607    	-20.91      	4.86153     	
1           -31.1811    	-19.9271    	4.88715     	
1           -30.5402    	-19.1601    	4.85555     	
1           -30.5021    	-18.1617    	4.90221     	
1           -30.055     	-17.3365    	5.24761     	
1           -29.4639    	-16.6372    	5.65022     	
1           -29.0013    	-15.7745    	5.85075     	
1           -28.7774    	-14.9311    	6.34118     	
1           -28.692     	-14.2583    	7.07569     	
1           -28.0345    	-13.7982    	7.67132     	
1           -27.5428    	-13.1184    	8.21648     	
1           -27.206     	-12.2008    	8.42788     	
1           -26.7394    	-11.3182    	8.47689     	
1           -26.4862    	-10.3535    	8.54644     	
1           -26.2456    	-9.51218    	9.03061     	
1           -26.2902    	-8.55881    	9.32913     	
1           -26.1563    	-7.76032    	9.91749     	
1           -26.1346    	-7.05479    	10.6256     	
1           -26.304     	-6.44264    	11.3975     	
1           -26.3844    	-5.49931    	11.7205     	
1           -26.4004    	-4.49985    	11.7067     	
1           -26.9555    	-3.73423    	11.3825     	
1           -27.5469    	-2.95219    	11.1864     	
1           -27.9598    	-2.50762    	10.3905     	
1           -28.3274    	-1.97533    	9.6288      	
1           -28.6625    	-1.65362    	8.74361     	
1           -29.0106    	-1.07372    	8.00726     	
1           -29.913     	-0.735327   	7.7381      	
1           -30.7379    	-0.908566   	7.201       	
1           -31.5958    	-1.33259    	6.90953     	
1           -32.5894    	-1.44528    	6.89737     	
1           -33.5201    	-1.76384    	7.07591     	
1           -34.5067    	-1.65681    	7.20168     	
1           -35.4474    	-1.60745    	6.86516     	
1           -36.3795    	-1.89511    	7.08778     	
1           -37.3746    	-1.95745    	7.01172     	
1           -38.3404    	-1.70798    	7.0719      	
1           -39.2321    	-1.87704    	7.49068     	
1           -40.0577    	-1.82046    	8.05224     	
1           -40.8856    	-1.84827    	8.61249     	
1           -41.6217    	-2.43509    	8.27433     	
1           -42.4076    	-3.02834    	8.09779     	
1           -42.8068    	-3.87901    	7.75714     	
1           -43.2706    	-4.45551    	7.08397     	
1           -43.7487    	-4.78967    	6.27234     	
1           -44.2518    	-5.20664    	5.51467     	
1           -44.4056    	-6.05336    	5.00672     	
1           -44.7714    	-6.9673     	4.83184     	
1           -44.9537    	-7.9021     	5.13715     	
1           -44.8635    	-8.76009    	5.64394     	
1           -44.3368    	-9.60934    	5.63922     	
1           -43.7619    	-10.4191    	5.51732     	
1           -42.9218    	-10.8688    	5.21329     	
1           -42.0102    	-11.1281    	4.89454     	
1           -41.0929    	-11.5213    	4.83603     	
1           -40.1461    	-11.8429    	4.81841     	
1           -39.1833    	-12.1111    	4.85426     	
1           -38.2953    	-12.349     	5.249       	
1           -37.9036    	-12.9799    	5.91768     	
1           -37.4621    	-13.8009    	6.28184     	
1           -37.369     	-14.6574    	6.78856     	
1           -37.4644    	-15.6495    	6.87196     	
1           -37.736     	-16.5988    	6.7116      	
1           -37.9724    	-17.5626    	6.83264     	
1           -38.5382    	-18.3697    	7.0023      	
1           -39.1579    	-19.1143    	7.24704     	
1           -39.8211    	-19.2001    	7.99107     	
1           -40.4908    	-19.0335    	8.71478     	
1           -41.2815    	-18.9447    	9.32063     	
1           -42.2413    	-18.7953    	9.08363     	
1           -43.1792    	-19.0977    	8.91239     	
1           -43.9165    	-19.7686    	8.8325      	
1           -44.4564    	-20.6031    	8.71924     	
1           -45.0061    	-21.3037    	9.17374     	
1           -45.3899    	-22.2273    	9.15275     	
1           -45.821     	-23.128     	9.20997     	
1           -46.22      	-23.8772    	9.73811     	
1           -46.9511    	-24.555     	9.66598     	
1           -47.619     	-25.2573    	9.42031     	
1           -48.5458    	-25.6312    	9.47385     	
1           -49.4311    	-26.0477    	9.27016     	
1           -50.4286    	-26.1167    	9.2805      	
1           -51.2745    	-25.6808    	9.58815     	
1           -52.2599    	-25.508     	9.57105     	
1           -53.233     	-25.2968    	9.65849     	
1           -54.0556    	-24.7955    	9.39119     	
1           -54.552     	-23.9853    	9.07811     	
1           -55.0708    	-23.3237    	8.53635     	
1           -55.9507    	-22.8948    	8.33149     	
1           -56.7163    	-22.3482    	7.99331     	
1           -57.3791    	-22.0459    	7.30853     	
1           -57.9412    	-22.0063    	6.48239     	
1           -58.6179    	-22.2162    	5.77625     	
1           -59.3563    	-22.6167    	5.23418     	
1           -59.7218    	-23.2537    	4.55557     	
1           -60.2621    	-23.696     	3.83999     	
1           -61.0652    	-23.9135    	3.28492     	
1           -61.8805    	-24.4754    	3.14657     	
1           -62.4966    	-25.2604    	3.08089     	
1           -62.6771    	-26.2253    	2.88748     	
1           -62.99      	-26.9468    	2.26942     	
1           -63.6412    	-27.6372    	1.9551      	
1           -64.0865    	-28.5073    	1.74242     	
1           -64.8514    	-29.1456    	1.65593     	
1           -65.5029    	-29.8882    	1.50365     	
1           -66.2314    	-30.5712    	1.55826     	
1           -66.7798    	-31.3823    	1.35719     	
1           -67.3093    	-32.2099    	1.54832     	
1           -67.6114    	-33.1281    	1.80318     	
1           -67.4003    	-33.8533    	2.45903     	
1           -67.2187    	-34.577     	3.12427     	
1           -66.7199    	-35.2254    	3.69975     	
1           -67.0237    	-35.8874    	4.38494     	
1           -67.4961    	-36.4784    	5.0391      	
1           -68.0346    	-36.6426    	5.86466     	
1           -68.7865    	-36.7986    	6.50545     	
1           -69.4546    	-37.4866    	6.7896      	
1           -70.2658    	-37.9269    	7.17521     	
1           -70.8887    	-38.4678    	7.74056     	
1           -71.3195    	-38.5399    	8.63992     	
1           -71.3253    	-39.0618    	9.49243     	
1           -71.5504    	-39.8297    	10.0932     	
1           -71.4263    	-40.6116    	10.7039     	
1           -71.2587    	-40.7868    	11.6736     	
1           -70.9872    	-41.0547    	12.5983     	
1           -70.5573    	-41.1575    	13.4946     	
1           -69.9616    	-41.0233    	14.287      	
1           -69.5504    	-40.712     	15.1441     	
1           -68.6962    	-40.6199    	15.6545     	
1           -67.9637    	-40.2443    	16.2237     	
1           -67.2488    	-40.2387    	16.9218     	
1           -66.7411    	-40.5609    	17.7207     	
1           -66.0817    	-41.213     	18.0955     	
1           -65.2944    	-41.7822    	17.8597     	
1           -64.8912    	-42.6913    	17.9721     	
1           -64.0705    	-43.2587    	18.0276     	
1           -63.1495    	-43.6467    	17.9879     	
1           -62.3871    	-43.7846    	17.356      	
1           -62.1128    	-43.9534    	16.4093     	
1           -62.0465    	-44.4113    	15.5228     	
1           -61.7104    	-45.1729    	14.9679     	
1           -61.8574    	-45.9167    	14.3165     	
1           -62.3123    	-46.5999    	13.7445     	
1           -62.496     	-47.558     	13.5276     	
1           -62.9779    	-48.4322    	13.4659     	
1           -63.4719    	-49.2137    	13.849      	
1           -63.8027    	-50.0194    	14.3394     	
1           -63.9291    	-50.8117    	14.9373     	
1           -64.1147    	-51.5134    	15.6245     	
1           -64.6909    	-51.9223    	16.3323     	
1           -65.1823    	-52.1852    	17.1625     	
1           -65.904     	-52.1973    	17.8549     	
1           -66.3899    	-51.8961    	18.675      	
1           -66.6318    	-51.7917    	19.6392     	
1           -66.9743    	-51.1725    	20.3469     	
1           -67.262     	-50.7832    	21.2222     	
1           -67.0593    	-50.3168    	22.0831     	
1           -66.9239    	-49.9838    	23.0154     	
1           -67.0627    	-49.8097    	23.9905     	
1           -66.9585    	-49.6903    	24.9779     	
1           -67.2005    	-49.5857    	25.9426     	
1           -67.3489    	-49.8195    	26.9038     	
1           -67.7442    	-49.9164    	27.8167     	
1           -67.8204    	-50.2457    	28.7586     	
1           -68.1053    	-50.3707    	29.7089     	
1           -68.7048    	-50.4646    	30.5033     	
1           -69.6687    	-50.34      	30.7369     	
1           -70.5843    	-50.6433    	31.001      	
1           -71.3939    	-51.205     	30.8311     	
1           -72.3464    	-51.5093    	30.7954     	
1           -72.9472    	-52.0276    	30.1871     	
1           -73.4355    	-52.887     	30.0354     	
1           -74.23      	-53.4358    	30.2949     	
1           -74.941     	-54.0866    	30.0276     	
1           -75.5622    	-54.6993    	29.5397     	
1           -76.4194    	-55.1567    	29.3037     	
1           -77.1935    	-55.7884    	29.3617     	
1           -78.1394    	-55.743     	29.0426     	
1           -78.8868    	-55.9825    	28.4229     	
1           -79.2187    	-56.2265    	27.5109     	
1           -79.773     	-56.6925    	26.8216     	
1           -79.7937    	-57.3091    	26.0349     	
1           -79.9234    	-57.6613    	25.1075     	
1           -79.9795    	-57.4737    	24.1268     	
1           -79.7083    	-57.8064    	23.2241     	
1           -79.2654    	-58.1715    	22.4056     	
1           -78.9541    	-58.5209    	21.5216     	
1           -78.5591    	-58.6408    	20.6103     	
1           -78.0236    	-59.2581    	20.0354     	
1           -77.6364    	-59.5523    	19.1614     	
1           -77.3809    	-60.0005    	18.3047     	
1           -77.8474    	-60.4842    	17.5645     	
1           -78.6368    	-60.8394    	17.0637     	
1           -79.125     	-61.1289    	16.2401     	
1           -79.7809    	-61.205     	15.4886     	
1           -80.3471    	-61.3923    	14.686      	
1           -80.5605    	-60.9291    	13.8258     	
1           -80.8053    	-60.2831    	13.1026     	
1           -81.12      	-60.2308    	12.1556     	
1           -81.7809    	-59.9581    	11.4551     	
1           -82.6897    	-59.9335    	11.0402     	
1           -83.6689    	-59.7944    	10.8904     	
1           -84.6351    	-59.5614    	10.9985     	
1           -85.4281    	-59.0983    	11.3939     	
1           -86.064     	-58.4812    	11.8572     	
1           -86.7539    	-58.0713    	12.4539     	
1           -87.1247    	-57.7897    	13.339      	
1           -87.5098    	-57.9792    	14.243      	
1           -87.8768    	-58.1617    	15.1547     	
1           -87.7309    	-57.4393    	15.8302     	
1           -87.5294    	-56.5113    	16.1443     	
1           -87.113     	-55.6422    	15.8758     	
1           -86.8765    	-54.6918    	16.076      	
1           -86.721     	-53.7099    	16.1843     	
1           -85.9956    	-53.044     	16.01       	
1           -85.1754    	-52.4719    	16.0042     	
1           -84.2439    	-52.1545    	15.8267     	
1           -83.3872    	-51.9838    	15.3397     	
1           -82.5019    	-52.0433    	14.8789     	
1           -81.6236    	-52.1833    	14.4216     	
1           -80.7504    	-52.3892    	13.9799     	
1           -79.8298    	-52.7441    	13.8167     	
1           -78.9197    	-52.9642    	13.4659     	
1           -78.3762    	-52.3412    	12.9032     	
1           -77.7304    	-51.9291    	12.2605     	
1           -77.5561    	-51.614     	11.3276     	
1           -77.1901    	-51.4731    	10.4077     	
1           -76.8421    	-50.6557    	9.94856     	
1           -77.0165    	-49.6794    	9.81976     	
1           -76.7757    	-48.722     	9.66044     	
1           -76.0887    	-48.0152    	9.49163     	
1           -76.2289    	-47.0533    	9.2572      	
1           -76.1725    	-46.0829    	9.4918      	
1           -75.5751    	-45.2826    	9.44028     	
1           -74.854     	-44.7811    	9.91846     	
1           -74.742     	-44.3067    	10.7915     	
1           -74.2828    	-44.0672    	11.6469     	
1           -73.5814    	-44.1259    	12.3573     	
1           -72.8956    	-44.1404    	13.085      	
1           -71.9568    	-44.119     	13.4287     	
1           -71.1188    	-43.8561    	13.907      	
1           -70.4925    	-43.6014    	14.6438     	
1           -70.1934    	-43.1671    	15.4934     	
1           -70.1461    	-42.8948    	16.4545     	
1           -69.7254    	-42.9999    	17.3556     	
1           -69.2213    	-43.3692    	18.1362     	
1           -68.7741    	-43.4181    	19.0293     	
1           -68.1504    	-43.5219    	19.8041     	
1           -67.8186    	-43.8668    	20.6822     	
1           -67.3198    	-44.1907    	21.4861     	
1           -66.5677    	-44.6068    	21.9972     	
1           -65.6496    	-44.6761    	22.3873     	
1           -65.2951    	-44.7795    	23.3167     	
1           -64.8488    	-45.3134    	24.0349     	
1           -64.3716    	-45.8507    	24.7302     	
1           -64.0996    	-46.6368    	25.2853     	
1           -64.3482    	-47.2549    	26.0311     	
1           -64.3545    	-48.187     	26.3932     	
1           -64.1267    	-49.1441    	26.5723     	
1           -63.7243    	-50.0432    	26.7453     	
1           -63.1245    	-50.832     	26.6115     	
1           -62.2909    	-51.2307    	26.2292     	
1           -61.9517    	-51.8878    	25.5559     	
1           -61.5288    	-52.0463    	24.6638     	
1           -61.3635    	-52.2908    	23.7083     	
1           -61.2233    	-52.2873    	22.7183     	
1           -61.08      	-52.3303    	21.7295     	
1           -61.2127    	-52.7255    	20.8205     	
1           -61.3734    	-53.4733    	20.1763     	
1           -61.7897    	-54.1085    	19.5258     	
1           -62.2674    	-54.904     	19.1529     	
1           -62.6571    	-55.7675    	18.8328     	
1           -63.0729    	-56.5234    	18.3272     	
1           -63.3315    	-57.3451    	17.8191     	
1           -63.8375    	-57.9628    	17.2173     	
1           -64.2943    	-58.5721    	16.5691     	
1           -65.0849    	-59.1765    	16.4711     	
1           -65.8708    	-59.7556    	16.2544     	
1           -66.7582    	-60.204     	16.1474     	
1           -67.4706    	-60.3191    	15.4551     	
1           -68.0347    	-60.123     	14.653      	
1           -68.9312    	-60.0967    	14.2109     	
1           -69.9201    	-60.0731    	14.3579     	
1           -70.8993    	-60.0986    	14.5588     	
1           -71.8992    	-60.1175    	14.5509     	
1           -72.8417    	-59.7945    	14.465      	
1           -73.6335    	-59.3662    	14.9004     	
1           -74.2417    	-59.6306    	15.6488     	
1           -75.1263    	-59.2746    	15.95       	
1           -76.0703    	-58.9774    	16.0933     	
1           -77.007     	-58.6745    	16.2685     	
1           -77.833     	-58.1648    	16.5093     	
1           -78.7328    	-57.7537    	16.6552     	
1           -79.6259    	-57.3039    	16.6532     	
1           -80.4537    	-56.8711    	17.0102     	
1           -81.3592    	-56.5391    	17.2742     	
1           -82.2222    	-56.0336    	17.2697     	
1           -83.0331    	-55.4645    	17.4054     	
1           -83.943     	-55.2104    	17.7332     	
1           -84.8906    	-55.3675    	18.0114     	
1           -85.8781    	-55.2136    	17.9784     	
1           -86.7373    	-55.0338    	17.4994     	
1           -87.675     	-54.6933    	17.4301     	
1           -88.4528    	-54.2162    	17.8394     	
1           -88.9726    	-53.383     	18.0283     	
1           -89.6716    	-52.6734    	18.1168     	
1           -90.5308    	-52.2224    	18.3584     	
1           -90.7913    	-51.3121    	18.68       	
1           -90.6691    	-50.5704    	19.3395     	
1           -90.3892    	-49.699     	19.7423     	
1           -89.9005    	-49.0268    	20.2986     	
1           -89.1612    	-48.799     	20.9322     	
1           -88.3281    	-48.281     	21.1265     	
1           -87.5       	-47.722     	21.1671     	
1           -86.5922    	-47.317     	21.0582     	
1           -85.8453    	-46.7533    	21.4108     	
1           -85.0512    	-46.185     	21.6266     	
1           -84.053     	-46.1422    	21.6664     	
1           -83.102     	-46.4229    	21.5368     	
1           -82.1089    	-46.4654    	21.6467     	
1           -81.1094    	-46.4952    	21.6374     	
1           -80.1123    	-46.4384    	21.6872     	
1           -79.214     	-46.6529    	21.3036     	
1           -78.2656    	-46.6069    	20.9901     	
1           -77.598     	-46.9183    	20.3138     	
1           -76.8505    	-47.2572    	19.7425     	
1           -76.5195    	-47.6775    	18.8977     	
1           -76.1317    	-47.9722    	18.0243     	
1           -75.647     	-47.9504    	17.1499     	
1           -75.1103    	-47.8272    	16.3151     	
1           -74.6828    	-47.5765    	15.4467     	
1           -74.5328    	-47.2608    	14.5097     	
1           -74.6734    	-46.7274    	13.6756     	
1           -74.8773    	-46.4136    	12.7483     	
1           -74.9308    	-45.8524    	11.9223     	
1           -75.6094    	-45.6652    	11.2121     	
1           -76.4261    	-45.4899    	10.6623     	
1           -76.9597    	-45.1413    	9.89166     	
1           -77.2321    	-44.4061    	9.27116     	
1           -77.5959    	-43.4747    	9.29108     	
1           -77.3266    	-42.5202    	9.16271     	
1           -76.821     	-41.7127    	9.46634     	
1           -76.5984    	-40.9268    	10.0432     	
1           -76.1456    	-40.3305    	10.7062     	
1           -75.9609    	-39.6304    	11.3959     	
1           -75.8262    	-38.6683    	11.6326     	
1           -75.7205    	-37.6888    	11.4599     	
1           -75.3515    	-36.7607    	11.5095     	
1           -74.6249    	-36.1026    	11.7064     	
1           -74.2038    	-35.2584    	12.0383     	
1           -74.0247    	-34.4986    	12.6632     	
1           -74.2676    	-33.7211    	13.2433     	
1           -74.6387    	-32.8441    	13.5486     	
1           -74.8028    	-32.1402    	14.2397     	
1           -75.1916    	-31.8653    	15.1191     	
1           -74.9886    	-31.248     	15.8791     	
1           -74.5992    	-30.9278    	16.7428     	
1           -73.958     	-30.9623    	17.5094     	
1           -73.0118    	-30.7617    	17.7636     	
1           -72.2524    	-30.8421    	18.4091     	
1           -71.6792    	-31.2758    	19.1044     	
1           -71.098     	-32.0802    	19.2276     	
1           -70.6512    	-32.8543    	19.676      	
1           -70.299     	-33.7489    	19.9512     	
1           -69.7941    	-34.5545    	20.2611     	
1           -69.1471    	-35.2548    	19.9593     	
1           -68.8156    	-36.1037    	19.5477     	
1           -68.3889    	-36.829     	19.0073     	
1           -68.0869    	-37.6044    	18.4529     	
1           -67.5092    	-37.8417    	17.6718     	
1           -67.0987    	-38.3058    	16.887      	
1           -67.0864    	-38.9115    	16.0912     	
1           -66.947     	-39.4198    	15.2415     	
1           -66.5971    	-40.033     	14.5332     	
1           -66.5198    	-40.846     	13.9562     	
1           -66.9293    	-41.7548    	13.8754     	
1           -67.2333    	-42.7015    	13.769      	
1           -67.2969    	-43.6952    	13.6765     	
1           -67.4724    	-44.6767    	13.7534     	
1           -67.7328    	-45.6044    	13.4861     	
1           -67.7828    	-46.5464    	13.1542     	
1           -67.9236    	-47.5241    	13.3101     	
1           -67.5336    	-48.3962    	13.0147     	
1           -67.1457    	-49.1468    	12.4796     	
1           -66.5461    	-49.9422    	12.3922     	
1           -66.4048    	-50.9236    	12.2625     	
1           -66.2701    	-51.8935    	12.0591     	
1           -66.1496    	-52.8858    	12.0329     	
1           -65.6012    	-53.534     	11.5046     	
1           -64.9706    	-53.7567    	10.7611     	
1           -64.5164    	-53.801     	9.87127     	
1           -64.7376    	-53.7481    	8.89747     	
1           -65.38      	-53.6782    	8.13432     	
1           -66.2547    	-53.5844    	7.6588      	
1           -66.7247    	-53.299     	6.82357     	
1           -67.3701    	-53.3262    	6.06027     	
1           -67.9152    	-53.9046    	5.45337     	
1           -68.6638    	-54.4201    	5.03602     	
1           -69.4041    	-55.0733    	5.19474     	
1           -70.3015    	-55.3865    	5.50574     	
1           -70.9283    	-55.5402    	6.26951     	
1           -71.4078    	-55.7527    	7.12095     	
1           -71.5678    	-55.7469    	8.108       	
1           -72.095     	-55.9035    	8.94312     	
1           -72.7843    	-56.0912    	9.64292     	
1           -72.9023    	-55.8812    	10.6136     	
1           -72.8895    	-55.7354    	11.6028     	
1           -73.2063    	-55.6376    	12.5462     	
1           -73.8651    	-55.8349    	13.2722     	
1           -74.4598    	-55.9445    	14.0685     	
1           -75.0565    	-55.6821    	14.8269     	
1           -75.9041    	-55.4694    	15.313      	
1           -76.4291    	-54.7104    	15.6981     	
1           -77.203     	-54.3045    	16.1843     	
1           -77.9409    	-54.1317    	16.8366     	
1           -78.8791    	-54.1916    	17.1777     	
1           -79.5606    	-54.7043    	17.7        	
1           -80.2758    	-54.9857    	18.3397     	
1           -80.8872    	-55.6015    	18.8366     	
1           -81.6186    	-56.0936    	19.3088     	
1           -82.2127    	-56.4879    	20.0098     	
1           -82.7179    	-56.941     	20.7444     	
1           -83.556     	-57.0398    	21.2808     	
1           -84.1357    	-56.8287    	22.0679     	
1           -84.2989    	-56.691     	23.0448     	
1           -84.0948    	-56.5952    	24.0191     	
1           -83.5996    	-56.3802    	24.8609     	
1           -83.1323    	-56.1985    	25.7261     	
1           -82.7806    	-56.0216    	26.6454     	
1           -82.4808    	-55.9849    	27.5986     	
1           -82.3466    	-56.2432    	28.5553     	
1           -82.1059    	-56.8956    	29.274      	
1           -81.5211    	-57.4338    	29.881      	
1           -81.6933    	-58.2889    	30.3698     	
1           -81.839     	-59.2311    	30.6722     	
1           -81.9569    	-60.2202    	30.5815     	
1           -82.0732    	-61.1577    	30.255      	
1           -81.9718    	-61.9788    	29.6933     	
1           -81.476     	-62.7128    	29.2285     	
1           -80.7435    	-63.2628    	28.8272     	
1           -79.831     	-63.6575    	28.7222     	
1           -78.8715    	-63.9314    	28.7906     	
1           -77.874     	-63.9071    	28.7241     	
1           -77.053     	-63.4326    	28.4064     	
1           -76.4942    	-62.6895    	28.0385     	
1           -75.8033    	-61.981     	27.898      	
1           -75.3189    	-61.2393    	27.4324     	
1           -75.2266    	-60.4396    	26.8398     	
1           -75.4012    	-59.8037    	26.0878     	
1           -75.5552    	-59.1345    	25.3604     	
1           -75.5689    	-58.4064    	24.6753     	
1           -75.3556    	-58.0295    	23.7743     	
1           -75.499     	-57.8446    	22.8022     	
1           -75.7111    	-57.7703    	21.8277     	
1           -75.8905    	-57.6721    	20.8485     	
1           -76.5368    	-57.7761    	20.0924     	
1           -77.4698    	-57.7271    	19.7373     	
1           -78.4209    	-57.8934    	19.4762     	
1           -79.2694    	-57.9328    	18.9486     	
1           -80.1553    	-57.8722    	18.4895     	
1           -81.0208    	-58.0829    	18.0344     	
1           -81.8323    	-58.5473    	17.6802     	
1           -82.533     	-59.1286    	17.2678     	
1           -83.4094    	-59.3804    	16.8548     	
1           -84.2844    	-59.8472    	16.7326     	
1           -85.0335    	-60.5058    	16.7996     	
1           -85.9289    	-60.9104    	16.989      	
1           -86.7846    	-61.2312    	17.3947     	
1           -87.7185    	-61.5015    	17.6296     	
1           -88.5431    	-61.9089    	17.2375     	
1           -89.2991    	-62.4751    	16.9092     	
1           -90.1626    	-62.9687    	17.0087     	
1           -90.8864    	-63.393     	17.5536     	
1           -91.4865    	-63.5017    	18.3462     	
1           -92.0309    	-63.2957    	19.1584     	
1           -92.6749    	-63.648     	19.8382     	
1           -93.3663    	-63.7348    	20.5558     	
1           -94.264     	-64.0465    	20.8677     	
1           -95.2196    	-64.0702    	21.1587     	
1           -95.9599    	-63.9573    	21.8218     	
1           -96.7472    	-63.605     	22.3275     	
1           -97.3053    	-62.7796    	22.4084     	
1           -97.9886    	-62.1279    	22.7412     	
1           -98.5726    	-61.3648    	23.0175     	
1           -99.33      	-60.7127    	22.9946     	
1           -100.077    	-60.3403    	23.5451     	
1           -100.807    	-59.7498    	23.8906     	
1           -101.344    	-59.1033    	24.4327     	
1           -101.968    	-58.3868    	24.7435     	
1           -102.382    	-57.663     	25.2956     	
1           -102.439    	-57.1276    	26.138      	
1           -102.353    	-56.5774    	26.9695     	
1           -101.982    	-55.9507    	27.6528     	
1           -101.471    	-55.1106    	27.8401     	
1           -101.099    	-54.2512    	28.189      	
1           -101.336    	-53.3428    	28.534      	
1           -101.167    	-52.377     	28.7298     	
1           -101.055    	-51.4217    	28.4562     	
1           -100.652    	-50.6688    	27.9346     	
1           -100.467    	-49.701     	27.7637     	
1           -100.063    	-48.7959    	27.6331     	
1           -99.3324    	-48.1176    	27.5499     	
1           -98.8782    	-47.3299    	27.1329     	
1           -98.3596    	-46.5161    	26.8735     	
1           -97.7077    	-46.1736    	26.1954     	
1           -97.7814    	-45.9406    	25.2268     	
1           -97.5977    	-46.0341    	24.2478     	
1           -97.3406    	-46.5453    	23.428      	
1           -96.7011    	-46.3494    	22.6851     	
1           -95.8352    	-45.8504    	22.7297     	
1           -94.9504    	-45.658     	23.1535     	
1           -93.9543    	-45.7328    	23.2091     	
1           -92.9834    	-45.9485    	23.1021     	
1           -92.0499    	-45.7045    	22.842      	
1           -91.0685    	-45.8135    	23.002      	
1           -90.0873    	-45.9678    	22.884      	
1           -89.4093    	-45.8283    	23.6056     	
1           -89.1426    	-45.9242    	24.5649     	
1           -89.3606    	-46.0177    	25.5364     	
1           -89.6475    	-45.8385    	26.4768     	
1           -89.6729    	-45.4925    	27.4147     	
1           -89.4191    	-45.6211    	28.3733     	
1           -88.9466    	-45.7393    	29.2473     	
1           -88.7168    	-45.2897    	30.1102     	
1           -89.0873    	-45.1171    	31.0227     	
1           -89.5532    	-45.0309    	31.9035     	
1           -90.0614    	-45.2481    	32.7362     	
1           -90.2746    	-45.6073    	33.6444     	
1           -90.6733    	-46.0842    	34.4287     	
1           -91.0481    	-46.0891    	35.3554     	
1           -91.6489    	-45.937     	36.1399     	
1           -92.1105    	-45.7142    	36.999      	
1           -92.1488    	-45.8415    	37.9895     	
1           -92.1782    	-45.929     	38.9864     	
1           -92.42      	-46.0262    	39.9515     	
1           -92.7756    	-46.4504    	40.7838     	
1           -93.1516    	-47.1481    	41.395      	
1           -93.9345    	-47.1011    	42.0154     	
1           -94.777     	-46.9526    	42.5323     	
1           -95.5818    	-47.1063    	43.1056     	
1           -96.4606    	-47.3736    	43.501      	
1           -97.0785    	-48.0063    	43.9682     	
1           -97.414     	-48.5429    	44.7415     	
1           -97.7438    	-49.0847    	45.5145     	
1           -98.2385    	-49.6811    	46.1473     	
1           -98.0461    	-50.4202    	46.7928     	
1           -97.9103    	-50.8868    	47.6664     	
1           -97.3655    	-50.9803    	48.4997     	
1           -97.6256    	-51.3516    	49.3912     	
1           -97.5743    	-51.6251    	50.3521     	
1           -97.3987    	-51.6479    	51.3362     	
1           -97.4281    	-51.4821    	52.3217     	
1           -97.7284    	-50.9091    	53.0844     	
1           -97.9898    	-50.2       	53.7395     	
1           -98.5984    	-49.7164    	54.3679     	
1           -99.1775    	-49.4579    	55.1419     	
1           -99.804     	-49.3817    	55.9174     	
1           -100.779    	-49.5966    	55.9808     	
1           -101.715    	-49.9392    	55.9133     	
1           -102.65     	-50.2771    	55.7971     	
1           -103.612    	-50.3629    	56.0569     	
1           -104.501    	-49.9293    	56.2055     	
1           -105.317    	-49.3524    	56.2136     	
1           -106.18     	-48.9448    	56.5108     	
1           -106.997    	-48.4478    	56.803      	
1           -107.798    	-47.9478    	57.1314     	
1           -108.648    	-47.4474    	57.2941     	
1           -109.556    	-47.1708    	57.6103     	
1           -110.451    	-46.7285    	57.6764     	
1           -111.356    	-46.9481    	58.0397     	
1           -112.225    	-47.4198    	58.1879     	
1           -112.913    	-47.8657    	58.7603     	
1           -113.006    	-48.1024    	59.7273     	
1           -113.085    	-47.5447    	60.5535     	
1           -113.395    	-46.8727    	61.2258     	
1           -113.95     	-46.1323    	61.6057     	
1           -114.674    	-45.5403    	61.9624     	
1           -115.118    	-45.3044    	62.8262     	
1           -115.719    	-45.1452    	63.6093     	
1           -116.244    	-44.6845    	64.3247     	
1           -116.752    	-44.1467    	64.9982     	
1           -117.311    	-43.9679    	65.8073     	
1           -118.158    	-43.7178    	66.2789     	
1           -118.684    	-43.1731    	66.9317     	
1           -119.416    	-42.4966    	67.0121     	
1           -120.073    	-41.7571    	67.1599     	
1           -120.709    	-41.0206    	67.3855     	
1           -121.188    	-40.182     	67.6481     	
1           -121.425    	-39.2988    	67.2425     	
1           -121.76     	-38.3773    	67.4358     	
1           -122.094    	-37.4845    	67.7405     	
1           -122.082    	-36.4946    	67.8811     	
1           -121.743    	-35.5544    	67.8764     	
1           -121.273    	-34.6863    	67.7184     	
1           -120.522    	-34.078     	67.458      	
1           -119.767    	-33.4253    	67.4078     	
1           -118.892    	-33.0237    	67.6831     	
1           -118.261    	-32.6624    	68.3688     	
1           -117.725    	-32.1157    	69.0109     	
1           -117.317    	-31.3197    	69.4591     	
1           -117.705    	-30.4915    	69.8629     	
1           -117.818    	-29.5837    	70.2648     	
1           -118.132    	-28.7861    	70.7808     	
1           -117.782    	-28.0446    	71.3548     	
1           -117.331    	-27.4313    	72.002      	
1           -117.297    	-26.5595    	72.4903     	
1           -116.971    	-26.0118    	73.2606     	
1           -116.881    	-25.0485    	73.5134     	
1           -116.373    	-24.3786    	74.0561     	
1           -115.622    	-23.7469    	74.2465     	
1           -115.153    	-22.9436    	74.6115     	
1           -114.229    	-22.5673    	74.6866     	
1           -113.602    	-21.9806    	75.1992     	
1           -112.917    	-21.3555    	75.5738     	
1           -112.067    	-21.1193    	76.0465     	
1           -111.388    	-20.4855    	76.4143     	
1           -110.448    	-20.2581    	76.6665     	
1           -109.789    	-19.9459    	77.3509     	
1           -109.394    	-20.163     	78.2438     	
1           -108.63     	-20.3201    	78.869      	
1           -107.709    	-20.1078    	79.1956     	
1           -106.781    	-20.4274    	79.3888     	
1           -106.041    	-20.9689    	79.7898     	
1           -105.454    	-21.3047    	80.5268     	
1           -104.651    	-21.1713    	81.1056     	
1           -103.688    	-21.2364    	81.3669     	
1           -102.698    	-21.3195    	81.4888     	
1           -101.806    	-21.6337    	81.8133     	
1           -100.895    	-21.7665    	82.2045     	
1           -100.006    	-21.5906    	82.6265     	
1           -99.0277    	-21.6662    	82.4345     	
1           -98.0728    	-21.3697    	82.46       	
1           -97.2807    	-21.2367    	83.0547     	
1           -96.4913    	-20.8729    	83.549      	
1           -95.7788    	-20.536     	84.1652     	
1           -95.1187    	-20.0626    	84.7483     	
1           -94.8423    	-19.8564    	85.6871     	
1           -94.4184    	-19.8966    	86.5915     	
1           -93.7042    	-20.2457    	87.1989     	
1           -93.3466    	-20.7004    	88.0143     	
1           -92.544     	-20.9246    	88.5668     	
1           -91.569     	-20.7111    	88.6316     	
1           -90.6682    	-20.2912    	88.7441     	
1           -90.0721    	-19.4886    	88.7427     	
1           -89.3904    	-18.804     	88.4844     	
1           -88.4913    	-18.3972    	88.6421     	
1           -87.7566    	-17.7429    	88.8222     	
1           -86.9889    	-17.2169    	88.454      	
1           -86.6783    	-16.2671    	88.4544     	
1           -86.1204    	-15.4684    	88.6823     	
1           -85.7417    	-14.5508    	88.5648     	
1           -85.8142    	-13.5537    	88.5286     	
1           -85.7223    	-12.6074    	88.8372     	
1           -85.289     	-11.8289    	89.2912     	
1           -84.8469    	-10.9349    	89.3641     	
1           -84.1148    	-10.2791    	89.1806     	
1           -83.7386    	-9.35611    	89.0974     	
1           -83.0552    	-8.64173    	89.2454     	
1           -82.2166    	-8.131      	89.0558     	
1           -81.5521    	-7.38571    	89.1183     	
1           -80.9659    	-6.71542    	88.6631     	
1           -80.5496    	-5.99646    	88.1064     	
1           -80.2881    	-5.16492    	87.6176     	
1           -79.9169    	-4.29551    	87.2904     	
1           -79.3387    	-3.76754    	86.6687     	
1           -78.9985    	-3.35727    	85.8234     	
1           -79.0417    	-3.23854    	84.8304     	
1           -79.4265    	-2.80355    	84.0165     	
1           -79.8463    	-2.73968    	83.1106     	
1           -80.6933    	-2.55617    	82.613      	
1           -81.6321    	-2.41907    	82.2971     	
1           -82.6268    	-2.43952    	82.1982     	
1           -83.3065    	-1.77273    	81.8909     	
1           -83.8289    	-0.934041   	81.7374     	
1           -84.3501    	-0.0819617  	81.7723     	
1           -84.63      	0.816261    	82.1125     	
1           -84.3822    	1.48251     	82.8159     	
1           -83.9252    	2.0614      	83.4912     	
1           -83.4344    	2.23454     	84.3442     	
1           -82.6603    	2.27844     	84.976      	
1           -81.9825    	2.55708     	85.6573     	
1           -81.2166    	2.58421     	86.2992     	
1           -80.2705    	2.80715     	86.5344     	
1           -79.3628    	2.91388     	86.9396     	
1           -78.495     	3.04134     	87.4189     	
1           -77.7828    	2.78123     	88.0709     	
1           -76.9608    	2.68215     	88.6329     	
1           -76.0334    	2.50254     	88.9569     	
1           -75.3174    	2.76774     	89.604      	
1           -74.3703    	2.71948     	89.9213     	
1           -73.5179    	2.79202     	90.4387     	
1           -72.6322    	3.22062     	90.6146     	
1           -71.711     	3.51122     	90.878      	
1           -70.835     	3.95479     	91.0639     	
1           -69.9304    	4.21564     	91.4014     	
1           -69.3173    	4.48226     	92.1449     	
1           -68.5564    	4.54208     	92.7904     	
1           -67.6368    	4.83542     	93.0547     	
1           -66.9776    	5.58026     	93.1567     	
1           -66.2906    	6.23205     	92.8354     	
1           -65.5151    	6.40345     	92.2288     	
1           -65.0046    	6.95498     	91.5691     	
1           -64.4555    	7.2572      	90.7892     	
1           -64.2267    	8.14814     	90.3963     	
1           -64.3715    	9.09615     	90.1115     	
1           -64.3884    	10.0045     	89.6956     	
1           -63.9131    	10.5836     	89.0327     	
1           -63.361     	10.9713     	88.295      	
1           -62.546     	11.4149     	87.9215     	
1           -61.7753    	11.8577     	87.4623     	
1           -61.1072    	12.4133     	86.9678     	
1           -60.3568    	12.7359     	86.3914     	
1           -59.4522    	12.991      	86.7321     	
1           -58.583     	13.4571     	86.8985     	
1           -57.6122    	13.6644     	87.0208     	
1           -56.7535    	14.1698     	87.1088     	
1           -55.7782    	14.2623     	87.3062     	
1           -54.7869    	14.3317     	87.1872     	
1           -53.7922    	14.4181     	87.232      	
1           -52.8876    	14.7749     	86.9969     	
1           -51.97      	14.8842     	86.6145     	
1           -51.004     	15.0064     	86.3911     	
1           -50.0415    	14.8733     	86.1544     	
1           -49.1605    	14.5093     	85.8522     	
1           -48.1869    	14.4899     	85.6235     	
1           -47.2237    	14.7472     	85.5498     	
1           -46.2335    	14.8821     	85.5873     	
1           -45.3003    	15.2381     	85.6374     	
1           -44.3553    	15.4201     	85.3665     	
1           -43.3978    	15.3814     	85.079      	
1           -42.7232    	14.6452     	85.0364     	
1           -42.1775    	13.8087     	84.9787     	
1           -41.908     	13.0021     	84.4539     	
1           -41.6452    	12.0384     	84.3999     	
1           -41.5531    	11.0497     	84.5188     	
1           -41.4394    	10.2504     	85.1092     	
1           -41.1475    	9.68272     	85.8796     	
1           -41.1269    	9.10749     	86.6975     	
1           -40.9347    	8.73364     	87.6047     	
1           -40.4572    	8.2059      	88.3063     	
1           -39.8878    	7.53875     	88.7867     	
1           -39.5928    	6.69112     	89.2274     	
1           -39.476     	6.21154     	90.0969     	
1           -39.2223    	5.74666     	90.9462     	
1           -38.5382    	5.93201     	91.6514     	
1           -37.712     	6.18974     	92.1533     	
1           -36.7653    	6.49453     	92.2514     	
1           -35.8773    	6.94606     	92.1635     	
1           -35.085     	7.55289     	92.2277     	
1           -34.3636    	8.20977     	92.0076     	
1           -33.7185    	8.53112     	91.3143     	
1           -32.9159    	8.78638     	90.7752     	
1           -32.3856    	9.3014      	90.1013     	
1           -31.7806    	9.92371     	89.6051     	
1           -30.8514    	10.117      	89.2911     	
1           -29.8708    	9.92314     	89.2469     	
1           -28.9164    	9.6268      	89.2364     	
1           -28.1735    	9.89284     	89.8517     	
1           -27.3039    	9.75158     	90.3236     	
1           -26.5878    	9.4286      	90.9434     	
1           -26.4203    	8.67466     	91.5781     	
1           -25.9152    	8.06465     	92.189      	
1           -25.4771    	7.28629     	92.6378     	
1           -24.8593    	6.67361     	93.1316     	
1           -24.0657    	6.09904     	93.3283     	
1           -23.3725    	5.58963     	93.8387     	
1           -23.102     	4.63256     	93.7386     	
1           -23.1287    	3.63268     	93.7191     	
1           -23.4716    	2.71409     	93.9153     	
1           -24.1404    	2.13648     	94.3836     	
1           -25.0297    	1.90493     	94.7772     	
1           -25.63      	1.80281     	95.5714     	
1           -26.0785    	1.92265     	96.4566     	
1           -26.2968    	1.61238     	97.3816     	
1           -26.5632    	1.35223     	98.3102     	
1           -27.1371    	1.6005      	99.0903     	
1           -27.7113    	1.5807      	99.9085     	
1           -28.1551    	1.41151     	100.789     	
1           -28.2699    	1.17453     	101.753     	
1           -28.3069    	1.09571     	102.75      	
1           -28.6107    	1.05124     	103.701     	
1           -29.3582    	1.29163     	104.321     	
1           -29.8673    	1.38051     	105.177     	
1           -30.2349    	0.621185    	105.714     	
1           -30.3637    	-0.237236   	106.211     	
1           -30.1792    	-1.09587    	106.688     	
1           -29.4843    	-1.72359    	107.041     	
1           -28.8669    	-2.38401    	107.467     	
1           -28.1335    	-2.72731    	108.055     	
1           -27.4446    	-2.76914    	108.778     	
1           -26.9191    	-2.92334    	109.615     	
1           -26.5268    	-3.21773    	110.486     	
1           -26.239     	-3.95469    	111.098     	
1           -25.8372    	-4.22479    	111.973     	
1           -25.4756    	-4.48428    	112.869     	
1           -25.1175    	-4.71668    	113.773     	
1           -24.6027    	-4.73078    	114.63      	
1           -24.171     	-4.96142    	115.503     	
1           -23.4513    	-4.99308    	116.196     	
1           -22.6453    	-4.85851    	116.773     	
1           -21.8516    	-5.32881    	117.158     	
1           -21.1343    	-5.96582    	117.443     	
1           -20.9722    	-6.94298    	117.575     	
1           -20.3155    	-7.67321    	117.383     	
1           -19.9452    	-8.58632    	117.553     	
1           -19.8381    	-9.55845    	117.763     	
1           -19.1361    	-10.2594    	117.886     	
1           -18.6228    	-11.0173    	117.484     	
1           -18.0403    	-11.7366    	117.105     	
1           -17.4404    	-12.4891    	116.834     	
1           -17.0623    	-13.3745    	117.106     	
1           -17.049     	-14.3702    	117.018     	
1           -16.8916    	-15.3552    	117.088     	
1           -16.3002    	-15.9546    	117.629     	
1           -15.8327    	-16.5065    	118.319     	
1           -15.098     	-17.0031    	118.781     	
1           -14.305     	-17.6115    	118.732     	
1           -13.5971    	-18.3162    	118.779     	
1           -13.0199    	-19.1262    	118.678     	
1           -12.5203    	-19.8969    	119.074     	
1           -12.0016    	-20.4319    	119.74      	
1           -11.3026    	-21.1255    	119.917     	
1           -11.0811    	-21.9664    	120.41      	
1           -10.931     	-22.877     	120.796     	
1           -10.5979    	-23.7789    	121.068     	
1           -10.2876    	-24.6276    	121.497     	
