1000

1           21.5066     	-64.9232    	201.769     	
1           20.6121     	-64.4846    	201.686     	
1           20.6578     	-64.662     	202.669     	
1           20.7812     	-65.1724    	203.52      	
1           20.6651     	-65.8341    	204.26      	
1           20.3755     	-66.6821    	204.704     	
1           20.0647     	-67.0398    	205.585     	
1           19.3956     	-67.0989    	206.325     	
1           18.702      	-67.4672    	206.945     	
1           18.0824     	-67.0189    	207.589     	
1           17.7556     	-66.8123    	208.511     	
1           17.0782     	-66.651     	209.229     	
1           16.3163     	-66.2682    	209.752     	
1           15.6878     	-65.5471    	210.043     	
1           14.8086     	-65.0701    	210.039     	
1           13.941      	-64.6208    	210.25      	
1           13.029      	-64.3028    	210.51      	
1           12.3792     	-63.8773    	211.141     	
1           11.6987     	-63.5616    	211.802     	
1           11.1956     	-62.7328    	212.045     	
1           10.8871     	-61.7925    	212.19      	
1           10.4789     	-60.8796    	212.219     	
1           9.56506     	-60.5165    	212.038     	
1           8.70712     	-60.0508    	211.824     	
1           7.84576     	-59.5632    	211.677     	
1           7.28505     	-58.7817    	211.951     	
1           6.8222      	-57.897     	211.901     	
1           6.25163     	-57.361     	212.523     	
1           5.67717     	-56.678     	212.974     	
1           5.22114     	-55.8097    	213.171     	
1           4.77697     	-54.9528    	213.43      	
1           3.99263     	-54.3644    	213.628     	
1           3.53312     	-53.5524    	213.988     	
1           3.595       	-52.6541    	214.422     	
1           3.45328     	-51.7004    	214.687     	
1           2.77975     	-50.9819    	214.861     	
1           2.12681     	-50.2317    	214.965     	
1           1.2205      	-49.8097    	214.928     	
1           0.355122    	-49.3858    	215.193     	
1           -0.203728   	-48.6799    	215.628     	
1           -0.694323   	-47.9456    	216.098     	
1           -0.915441   	-47.1591    	216.674     	
1           -1.33791    	-46.5293    	217.326     	
1           -1.36305    	-45.7829    	217.991     	
1           -1.27237    	-45.2754    	218.848     	
1           -1.5437     	-44.9429    	219.751     	
1           -1.8977     	-44.7935    	220.674     	
1           -2.23106    	-44.3729    	221.518     	
1           -2.65805    	-44.3447    	222.422     	
1           -3.03312    	-44.0302    	223.294     	
1           -3.49712    	-43.5056    	224.008     	
1           -3.74428    	-42.9217    	224.782     	
1           -3.63975    	-42.2547    	225.519     	
1           -3.45408    	-41.572     	226.225     	
1           -2.83474    	-40.927     	226.673     	
1           -2.03919    	-40.601     	227.183     	
1           -1.14837    	-40.4531    	227.613     	
1           -0.297218   	-40.4192    	228.137     	
1           0.524881    	-40.5493    	228.69      	
1           1.47778     	-40.7002    	228.958     	
1           2.40647     	-40.4462    	229.224     	
1           3.38549     	-40.4887    	229.024     	
1           4.25317     	-40.9372    	229.237     	
1           5.11837     	-41.408     	229.41      	
1           5.67647     	-42.0671    	229.914     	
1           6.08969     	-42.9401    	230.173     	
1           6.66272     	-43.7338    	230.38      	
1           6.78107     	-44.6902    	230.114     	
1           6.55928     	-45.6572    	229.986     	
1           6.51442     	-46.6531    	229.911     	
1           6.73073     	-47.5194    	229.46      	
1           6.79748     	-48.5172    	229.42      	
1           7.00852     	-49.4945    	229.429     	
1           7.40409     	-50.4027    	229.294     	
1           7.94984     	-51.2177    	229.101     	
1           8.2798      	-52.1466    	228.934     	
1           8.38421     	-53.0918    	228.624     	
1           7.97396     	-53.8465    	228.112     	
1           7.31252     	-54.5665    	227.902     	
1           6.84135     	-54.8931    	227.082     	
1           6.36043     	-55.4428    	226.4       	
1           6.14831     	-56.1411    	225.715     	
1           6.0216      	-56.5658    	224.819     	
1           5.64965     	-57.195     	224.137     	
1           5.08258     	-57.3192    	223.322     	
1           4.67458     	-57.4784    	222.423     	
1           4.22051     	-57.6047    	221.542     	
1           3.36579     	-57.5396    	221.027     	
1           2.50716     	-57.4291    	220.525     	
1           1.70331     	-57.6964    	219.994     	
1           1.15945     	-57.6291    	219.157     	
1           0.431181    	-57.3306    	218.541     	
1           -0.121758   	-57.3482    	217.709     	
1           -0.359714   	-57.8031    	216.849     	
1           -0.92816    	-58.1115    	216.087     	
1           -1.83256    	-58.4225    	215.797     	
1           -2.25603    	-59.1248    	215.224     	
1           -2.45623    	-59.8974    	214.62      	
1           -2.53966    	-60.7169    	214.055     	
1           -2.20667    	-61.2773    	213.295     	
1           -1.90413    	-61.9014    	212.576     	
1           -1.6267     	-62.8442    	212.391     	
1           -1.37565    	-63.8119    	212.415     	
1           -1.29452    	-64.8067    	212.35      	
1           -1.19029    	-65.753     	212.046     	
1           -0.506848   	-66.3071    	211.571     	
1           0.283898    	-66.8036    	211.212     	
1           0.797479    	-67.4042    	210.599     	
1           1.56466     	-68.0056    	210.376     	
1           2.5542      	-67.9942    	210.234     	
1           3.53111     	-68.0692    	210.032     	
1           4.45119     	-68.4608    	210.05      	
1           5.31381     	-68.6457    	210.52      	
1           6.18279     	-68.1799    	210.688     	
1           6.95868     	-67.5599    	210.8       	
1           7.81198     	-67.3211    	210.337     	
1           8.2151      	-67.0388    	209.465     	
1           8.71492     	-66.7871    	208.637     	
1           9.27598     	-66.7217    	207.811     	
1           9.84129     	-66.3506    	207.075     	
1           10.3725     	-65.8765    	206.374     	
1           11.0832     	-65.3333    	205.925     	
1           11.719      	-64.586     	205.73      	
1           12.3335     	-64.144     	205.076     	
1           12.814      	-63.7117    	204.314     	
1           12.6603     	-63.2746    	203.427     	
1           12.0057     	-62.9799    	202.73      	
1           11.5072     	-62.2616    	202.245     	
1           10.9115     	-61.5963    	201.795     	
1           10.3115     	-61.2671    	201.066     	
1           9.74316     	-60.8471    	200.358     	
1           9.14727     	-60.0996    	200.065     	
1           8.8034      	-59.174     	200.222     	
1           8.79834     	-58.3118    	200.729     	
1           8.75766     	-57.4486    	201.233     	
1           9.00734     	-56.5539    	201.601     	
1           9.0857      	-55.6048    	201.907     	
1           8.56563     	-54.7511    	201.913     	
1           7.88614     	-54.1355    	201.512     	
1           7.04825     	-53.7932    	201.088     	
1           6.22346     	-53.2829    	200.842     	
1           5.48706     	-52.7799    	200.39      	
1           4.73056     	-52.162     	200.174     	
1           4.71664     	-51.1619    	200.194     	
1           4.78553     	-50.1835    	200.005     	
1           5.30446     	-49.3972    	199.668     	
1           5.84143     	-48.6052    	199.377     	
1           6.60511     	-47.982     	199.543     	
1           7.20391     	-47.195     	199.691     	
1           7.67053     	-46.329     	199.51      	
1           7.76869     	-45.3362    	199.578     	
1           7.63643     	-44.3462    	199.526     	
1           7.23265     	-43.467     	199.274     	
1           6.66567     	-42.6475    	199.192     	
1           6.03406     	-41.8985    	198.991     	
1           5.52469     	-41.2115    	198.473     	
1           5.25761     	-40.6404    	197.696     	
1           4.53731     	-40.0133    	197.4       	
1           3.70023     	-39.485     	197.545     	
1           2.93974     	-38.8604    	197.72      	
1           2.06011     	-38.4641    	197.986     	
1           1.18045     	-38.4574    	198.459     	
1           0.479214    	-38.3883    	199.168     	
1           -0.149446   	-38.3533    	199.945     	
1           -0.855855   	-38.783     	200.509     	
1           -1.33846    	-39.5121    	200.993     	
1           -2.17346    	-39.7053    	201.508     	
1           -2.76421    	-39.7373    	202.316     	
1           -3.54398    	-39.3464    	202.803     	
1           -4.40807    	-39.2328    	203.294     	
1           -5.30039    	-39.6713    	203.188     	
1           -5.58143    	-40.6097    	202.987     	
1           -5.94372    	-41.4339    	202.553     	
1           -6.59204    	-41.9881    	202.029     	
1           -6.83544    	-41.9273    	201.061     	
1           -7.54507    	-41.4837    	200.515     	
1           -8.0926     	-40.8086    	200.021     	
1           -8.4607     	-39.9525    	199.657     	
1           -9.10984    	-39.1996    	199.548     	
1           -9.89846    	-38.9466    	198.988     	
1           -10.6397    	-38.7344    	198.352     	
1           -11.1929    	-39.0623    	197.585     	
1           -12.1578    	-39.2753    	197.433     	
1           -13.0155    	-38.7866    	197.278     	
1           -13.8452    	-38.291     	197.019     	
1           -14.389     	-37.9945    	196.234     	
1           -14.6664    	-37.6917    	195.322     	
1           -14.6186    	-37.5049    	194.341     	
1           -14.5402    	-37.3476    	193.357     	
1           -14.5893    	-37.0962    	192.39      	
1           -14.6185    	-36.6354    	191.502     	
1           -14.6648    	-36.3566    	190.543     	
1           -14.5834    	-35.8385    	189.692     	
1           -14.0711    	-35.8547    	188.833     	
1           -13.4905    	-36.0508    	188.043     	
1           -12.8464    	-36.1411    	187.284     	
1           -12.2424    	-36.4564    	186.552     	
1           -11.4675    	-37.0325    	186.289     	
1           -10.6236    	-37.5675    	186.309     	
1           -9.83303    	-38.0856    	185.984     	
1           -8.87984    	-38.3736    	185.893     	
1           -7.91927    	-38.6525    	185.865     	
1           -7.29159    	-39.3443    	185.509     	
1           -7.13032    	-40.2994    	185.259     	
1           -7.1428     	-40.9177    	184.473     	
1           -6.89936    	-41.5481    	183.736     	
1           -6.19574    	-42.2046    	183.463     	
1           -5.66355    	-42.9319    	183.029     	
1           -5.15324    	-43.7923    	183.011     	
1           -5.00878    	-44.7448    	182.743     	
1           -4.4645     	-45.2983    	182.113     	
1           -3.99484    	-46.0742    	181.693     	
1           -3.63248    	-46.9793    	181.916     	
1           -2.72444    	-47.2867    	182.201     	
1           -1.90856    	-47.5431    	182.719     	
1           -1.04175    	-47.8758    	183.092     	
1           -0.357522   	-47.7915    	183.815     	
1           0.11896     	-47.8164    	184.695     	
1           0.132783    	-48.0205    	185.673     	
1           0.751118    	-48.6631    	186.127     	
1           1.4562      	-49.2629    	186.503     	
1           2.0237      	-49.9799    	186.099     	
1           2.30368     	-50.9393    	186.061     	
1           2.07773     	-51.8232    	185.65      	
1           2.30114     	-52.7357    	185.309     	
1           2.27547     	-53.7345    	185.257     	
1           1.99857     	-54.6173    	185.637     	
1           1.77742     	-55.5337    	185.971     	
1           1.26023     	-56.252     	186.436     	
1           0.822625    	-57.0566    	186.837     	
1           0.191926    	-57.6075    	187.384     	
1           -0.111533   	-58.0148    	188.246     	
1           -0.452439   	-58.4304    	189.089     	
1           -0.949753   	-58.5605    	189.947     	
1           -1.2824     	-59.0172    	190.772     	
1           -1.81974    	-59.4473    	191.497     	
1           -2.01284    	-59.9514    	192.339     	
1           -2.07012    	-60.6483    	193.054     	
1           -2.53796    	-60.8714    	193.909     	
1           -3.10057    	-61.3085    	194.61      	
1           -3.73376    	-61.2804    	195.384     	
1           -4.37595    	-60.9832    	196.091     	
1           -4.67626    	-60.1454    	196.547     	
1           -5.0288     	-59.2882    	196.922     	
1           -5.20222    	-58.3109    	196.798     	
1           -5.7346     	-57.495     	196.572     	
1           -6.22214    	-57.1089    	195.789     	
1           -6.59308    	-56.4804    	195.106     	
1           -7.15373    	-55.945     	194.473     	
1           -7.79349    	-55.3659    	193.968     	
1           -7.92072    	-55.1918    	192.991     	
1           -8.35731    	-55.3456    	192.105     	
1           -8.87727    	-55.4258    	191.255     	
1           -9.24301    	-56.2928    	190.914     	
1           -9.56148    	-57.2135    	190.692     	
1           -9.63022    	-58.2105    	190.729     	
1           -9.27829    	-59.1025    	190.446     	
1           -8.61881    	-59.7572    	190.075     	
1           -7.85421    	-60.382     	189.919     	
1           -6.99853    	-60.8573    	189.716     	
1           -6.68936    	-61.6658    	189.214     	
1           -5.95734    	-62.3459    	189.168     	
1           -5.74994    	-63.3107    	189.007     	
1           -5.81718    	-64.2855    	188.795     	
1           -6.12891    	-65.22      	188.625     	
1           -6.53964    	-66.1166    	188.791     	
1           -6.62503    	-66.9894    	188.31      	
1           -6.58725    	-67.767     	187.683     	
1           -6.44561    	-68.4349    	186.952     	
1           -6.29474    	-69.2771    	186.435     	
1           -6.5101     	-70.2509    	186.358     	
1           -6.9786     	-70.8834    	185.742     	
1           -7.59525    	-71.5408    	185.309     	
1           -8.19474    	-72.3336    	185.194     	
1           -8.66473    	-72.8614    	185.902     	
1           -8.98055    	-72.9459    	186.847     	
1           -9.31906    	-73.1508    	187.765     	
1           -9.67599    	-73.1147    	188.699     	
1           -10.3076    	-73.6183    	189.288     	
1           -10.6534    	-74.5559    	189.324     	
1           -10.7235    	-75.3312    	189.951     	
1           -11.0932    	-76.2151    	190.24      	
1           -11.6569    	-76.9405    	190.634     	
1           -12.509     	-77.4606    	190.698     	
1           -13.3197    	-78.0353    	190.59      	
1           -14.1983    	-78.4714    	190.786     	
1           -15.1317    	-78.8103    	190.904     	
1           -16.0869    	-78.5149    	190.932     	
1           -17.0448    	-78.3014    	191.12      	
1           -17.8231    	-77.7004    	191.302     	
1           -18.4496    	-77.0943    	191.793     	
1           -18.7123    	-76.5291    	192.575     	
1           -18.715     	-75.6599    	193.07      	
1           -18.5189    	-74.8697    	193.65      	
1           -18.0215    	-74.1977    	194.198     	
1           -17.4253    	-73.5537    	194.679     	
1           -16.9718    	-72.8064    	195.164     	
1           -16.7913    	-72.0465    	195.788     	
1           -16.2418    	-71.3983    	196.316     	
1           -16.1065    	-70.4611    	196.635     	
1           -16.3782    	-69.6679    	197.181     	
1           -16.6802    	-68.7253    	197.325     	
1           -17.3246    	-67.9616    	197.31      	
1           -17.8197    	-67.0922    	197.336     	
1           -17.8365    	-66.156     	197.685     	
1           -17.9562    	-65.1896    	197.912     	
1           -17.5168    	-64.325     	198.157     	
1           -17.335     	-63.3452    	198.238     	
1           -17.2964    	-62.4398    	197.813     	
1           -17.2524    	-61.4415    	197.808     	
1           -17.1535    	-60.4506    	197.902     	
1           -17.178     	-59.4528    	197.845     	
1           -17.7642    	-58.6476    	197.756     	
1           -18.0477    	-57.6957    	197.639     	
1           -17.9648    	-56.7601    	197.294     	
1           -17.8367    	-56.1522    	196.511     	
1           -17.4543    	-55.5163    	195.84      	
1           -17.1478    	-54.6315    	195.491     	
1           -17.1977    	-53.6695    	195.222     	
1           -17.1049    	-52.7755    	194.782     	
1           -16.8555    	-51.8265    	194.592     	
1           -16.7656    	-50.9255    	194.166     	
1           -16.7714    	-50.0136    	193.757     	
1           -16.441     	-49.1403    	193.398     	
1           -15.8506    	-48.3756    	193.14      	
1           -15.4825    	-47.5121    	192.795     	
1           -15.1085    	-47.187     	191.927     	
1           -14.533     	-46.817     	191.198     	
1           -13.7299    	-46.9079    	190.608     	
1           -13.0758    	-46.8809    	189.852     	
1           -12.1614    	-47.0081    	189.468     	
1           -11.4317    	-46.7269    	188.846     	
1           -10.4566    	-46.8109    	188.64      	
1           -9.56146    	-47.0269    	188.25      	
1           -8.79728    	-47.5836    	187.924     	
1           -7.83918    	-47.643     	187.642     	
1           -7.05774    	-47.0841    	187.366     	
1           -6.3424     	-46.4342    	187.626     	
1           -6.06927    	-45.4837    	187.478     	
1           -6.17803    	-44.494     	187.389     	
1           -5.64343    	-43.7755    	186.945     	
1           -5.15372    	-42.9039    	186.923     	
1           -4.94435    	-42.0586    	187.414     	
1           -4.8257     	-41.2219    	187.95      	
1           -4.32231    	-40.547     	188.489     	
1           -4.09989    	-39.9907    	189.29      	
1           -4.11905    	-39.7664    	190.264     	
1           -3.97318    	-39.4679    	191.208     	
1           -3.64451    	-39.1331    	192.09      	
1           -3.8245     	-38.5077    	192.849     	
1           -3.56898    	-37.86      	193.568     	
1           -3.19933    	-37.3843    	194.366     	
1           -3.42048    	-36.9675    	195.247     	
1           -3.61654    	-36.1787    	195.831     	
1           -3.76813    	-35.4779    	196.528     	
1           -4.10385    	-34.8422    	197.223     	
1           -4.42355    	-34.2114    	197.93      	
1           -4.79141    	-33.5548    	198.589     	
1           -5.08298    	-32.9131    	199.298     	
1           -5.52393    	-32.389     	200.026     	
1           -6.41517    	-32.0632    	200.342     	
1           -7.3123     	-32.0251    	200.783     	
1           -8.27459    	-31.7653    	200.853     	
1           -9.08599    	-31.1992    	201         	
1           -9.23188    	-30.2189    	201.133     	
1           -9.12564    	-29.2265    	201.192     	
1           -8.94524    	-28.2442    	201.243     	
1           -8.86225    	-27.2516    	201.152     	
1           -9.41308    	-26.4626    	200.878     	
1           -9.84894    	-25.5677    	200.973     	
1           -10.2821    	-24.7572    	201.367     	
1           -10.1198    	-23.8103    	201.645     	
1           -9.79126    	-22.9778    	201.2       	
1           -9.49821    	-22.0997    	200.82      	
1           -9.25014    	-21.234     	200.387     	
1           -9.23418    	-20.2543    	200.588     	
1           -9.61211    	-19.4922    	201.114     	
1           -10.2731    	-19.0163    	201.694     	
1           -10.9111    	-18.5656    	202.318     	
1           -11.1845    	-17.6725    	202.675     	
1           -11.3405    	-16.7998    	203.138     	
1           -11.7151    	-15.8816    	203.272     	
1           -11.8431    	-14.933     	203.56      	
1           -11.6184    	-14.2099    	204.213     	
1           -11.5397    	-13.7414    	205.093     	
1           -11.6859    	-13.4501    	206.039     	
1           -12.1445    	-12.964     	206.782     	
1           -12.3234    	-12.6754    	207.723     	
1           -12.4014    	-12.4625    	208.697     	
1           -11.9361    	-12.7508    	209.534     	
1           -11.5634    	-13.6167    	209.868     	
1           -10.9972    	-14.3785    	210.182     	
1           -10.2498    	-15.0015    	209.952     	
1           -9.77726    	-15.6654    	209.372     	
1           -9.07787    	-16.2223    	208.924     	
1           -8.23243    	-16.6452    	208.598     	
1           -7.42045    	-17.1007    	208.233     	
1           -6.72791    	-17.7004    	208.634     	
1           -5.93344    	-18.2843    	208.801     	
1           -5.32893    	-18.9005    	209.306     	
1           -4.47636    	-19.1804    	209.747     	
1           -3.90909    	-19.6535    	210.421     	
1           -3.47071    	-20.0579    	211.224     	
1           -3.31289    	-20.5231    	212.095     	
1           -3.04954    	-21.0269    	212.918     	
1           -2.61506    	-21.7657    	213.433     	
1           -2.18711    	-22.3515    	214.121     	
1           -2.61279    	-23.1226    	214.595     	
1           -3.3567     	-23.5961    	215.066     	
1           -3.93338    	-24.2517    	215.554     	
1           -4.18165    	-24.9692    	216.204     	
1           -4.1697     	-25.7528    	216.826     	
1           -4.52405    	-26.5634    	217.292     	
1           -4.66935    	-27.3791    	217.852     	
1           -5.42687    	-28.0316    	217.871     	
1           -5.89904    	-28.8882    	217.663     	
1           -6.26108    	-29.7264    	217.255     	
1           -6.21441    	-30.543     	216.68      	
1           -6.41384    	-31.2257    	215.977     	
1           -6.74988    	-32.0816    	215.584     	
1           -6.48855    	-32.6282    	214.788     	
1           -6.10789    	-32.8356    	213.887     	
1           -6.1274     	-33.0281    	212.906     	
1           -6.04316    	-33.4129    	211.987     	
1           -5.61494    	-34.1302    	211.437     	
1           -5.30969    	-34.7936    	210.754     	
1           -5.03291    	-35.607     	210.242     	
1           -5.14127    	-36.3257    	209.555     	
1           -5.2792     	-36.8137    	208.694     	
1           -5.34014    	-37.5565    	208.027     	
1           -4.86036    	-38.3139    	207.584     	
1           -4.25365    	-39.061     	207.312     	
1           -3.88843    	-39.8186    	206.771     	
1           -2.93828    	-40.0995    	206.635     	
1           -2.0435     	-40.3884    	206.295     	
1           -1.25213    	-40.5491    	205.705     	
1           -0.266766   	-40.6492    	205.567     	
1           0.692519    	-40.9214    	205.493     	
1           1.68657     	-40.8203    	205.534     	
1           2.42904     	-40.939     	206.193     	
1           3.40896     	-41.0866    	206.327     	
1           4.38999     	-41.0181    	206.509     	
1           5.36978     	-41.155     	206.655     	
1           6.28666     	-41.4412    	206.377     	
1           7.15913     	-41.8875    	206.576     	
1           7.97022     	-42.3909    	206.874     	
1           8.87244     	-42.7345    	206.614     	
1           9.62293     	-43.3928    	206.554     	
1           10.3607     	-44.025     	206.79      	
1           10.7868     	-44.5877    	207.499     	
1           10.8897     	-45.3492    	208.138     	
1           10.5304     	-46.217     	208.482     	
1           10.1924     	-47.0285    	208.958     	
1           10.1547     	-47.6513    	209.74      	
1           9.63986     	-48.1744    	210.419     	
1           8.9161      	-47.9666    	211.077     	
1           8.1895      	-47.7804    	211.738     	
1           7.56737     	-47.3812    	212.412     	
1           6.8029      	-47.269     	213.047     	
1           6.1813      	-46.6922    	213.577     	
1           5.60356     	-46.6298    	214.39      	
1           5.19932     	-46.9011    	215.264     	
1           4.35899     	-47.2694    	215.662     	
1           3.68747     	-47.8151    	216.163     	
1           3.01493     	-48.5304    	216.353     	
1           2.41105     	-49.2782    	216.628     	
1           1.74014     	-50.0198    	216.63      	
1           1.01239     	-50.6724    	216.841     	
1           0.67506     	-51.3587    	217.485     	
1           0.456334    	-52.0806    	218.142     	
1           -0.274383   	-52.4514    	218.715     	
1           -1.01821    	-52.8812    	219.227     	
1           -1.78722    	-52.7792    	219.858     	
1           -2.59668    	-53.052     	220.378     	
1           -3.14628    	-53.6674    	220.943     	
1           -3.69205    	-54.457     	221.223     	
1           -4.59355    	-54.8623    	221.375     	
1           -5.48294    	-55.0997    	220.984     	
1           -6.44723    	-55.1717    	220.729     	
1           -7.38168    	-55.5171    	220.816     	
1           -8.01954    	-56.2801    	220.92      	
1           -8.84958    	-56.5601    	220.438     	
1           -9.52334    	-56.8236    	219.748     	
1           -10.3499    	-56.7351    	219.192     	
1           -11.096     	-56.557     	218.55      	
1           -11.7302    	-56.5037    	217.779     	
1           -12.2461    	-57.0012    	217.081     	
1           -12.6097    	-57.2852    	216.194     	
1           -12.9412    	-57.04      	215.283     	
1           -13.4344    	-57.1932    	214.427     	
1           -13.5628    	-57.2941    	213.44      	
1           -13.4923    	-56.9794    	212.494     	
1           -13.5816    	-56.7207    	211.532     	
1           -13.7818    	-56.615     	210.558     	
1           -13.6148    	-56.211     	209.658     	
1           -13.1228    	-56.0638    	208.8       	
1           -12.8392    	-55.975     	207.846     	
1           -12.1448    	-56.0052    	207.127     	
1           -11.9895    	-55.7559    	206.171     	
1           -11.9804    	-54.8237    	205.809     	
1           -11.9537    	-54.0498    	205.176     	
1           -11.841     	-53.5698    	204.306     	
1           -11.8807    	-53.5618    	203.307     	
1           -12.268     	-53.69      	202.394     	
1           -12.631     	-53.5061    	201.481     	
1           -12.7703    	-53.5168    	200.49      	
1           -12.725     	-53.1714    	199.553     	
1           -12.3419    	-52.3701    	199.094     	
1           -11.7495    	-51.7244    	198.612     	
1           -11.3346    	-51.1945    	197.872     	
1           -10.8129    	-51.0653    	197.029     	
1           -10.3649    	-51.0087    	196.137     	
1           -9.9582     	-50.8744    	195.233     	
1           -10.0024    	-50.7221    	194.246     	
1           -9.51172    	-50.3485    	193.458     	
1           -8.99486    	-49.9442    	192.704     	
1           -8.62921    	-49.5233    	191.874     	
1           -8.46923    	-49.5525    	190.887     	
1           -8.30945    	-49.8607    	189.949     	
1           -8.23499    	-50.2935    	189.051     	
1           -7.64679    	-50.8926    	188.507     	
1           -6.79536    	-51.3182    	188.201     	
1           -5.95763    	-51.205     	187.667     	
1           -5.30539    	-51.2751    	186.912     	
1           -4.92788    	-51.0919    	186.004     	
1           -5.07891    	-50.7573    	185.074     	
1           -5.53052    	-50.5149    	184.215     	
1           -6.26001    	-50.1965    	183.61      	
1           -6.56222    	-49.2833    	183.337     	
1           -6.20058    	-48.5212    	182.8       	
1           -6.27006    	-48.1505    	181.873     	
1           -6.09894    	-48.0023    	180.899     	
1           -5.84317    	-47.6256    	180.009     	
1           -5.99588    	-46.9965    	179.247     	
1           -6.15988    	-46.6631    	178.319     	
1           -6.46535    	-45.9587    	177.678     	
1           -6.58208    	-44.9998    	177.419     	
1           -6.35755    	-44.0436    	177.607     	
1           -5.93675    	-43.1372    	177.645     	
1           -5.32171    	-42.3508    	177.587     	
1           -5.03137    	-41.3952    	177.538     	
1           -5.04643    	-40.4192    	177.755     	
1           -4.99204    	-39.4273    	177.87      	
1           -5.1794     	-38.4451    	177.851     	
1           -4.9172     	-37.4899    	177.714     	
1           -4.51167    	-36.91      	178.42      	
1           -3.82582    	-36.2885    	178.799     	
1           -3.06256    	-35.651     	178.904     	
1           -2.25416    	-35.4597    	178.348     	
1           -2.02368    	-35.4803    	177.375     	
1           -1.95616    	-35.302     	176.393     	
1           -1.84289    	-35.7277    	175.495     	
1           -1.79126    	-36.5404    	174.915     	
1           -1.47538    	-37.2622    	174.299     	
1           -0.960072   	-37.7932    	173.626     	
1           -0.329794   	-37.8927    	172.857     	
1           0.520083    	-38.39      	172.682     	
1           1.31632     	-38.956     	172.468     	
1           2.21111     	-39.3938    	172.555     	
1           2.94732     	-40.0559    	172.695     	
1           3.39096     	-40.9518    	172.72      	
1           3.78806     	-41.8626    	172.833     	
1           4.35801     	-42.625     	173.139     	
1           4.98054     	-43.3349    	173.469     	
1           5.66363     	-43.7211    	174.089     	
1           6.56725     	-43.4903    	174.45      	
1           7.41448     	-43.6789    	174.946     	
1           8.22632     	-43.7842    	175.521     	
1           9.22129     	-43.7779    	175.62      	
1           10.0463     	-43.8075    	176.185     	
1           10.6008     	-44.0306    	176.987     	
1           11.1645     	-43.6344    	177.711     	
1           11.7791     	-43.1837    	178.359     	
1           12.5026     	-42.7463    	178.893     	
1           13.3152     	-42.4807    	179.412     	
1           14.1767     	-42.724     	179.857     	
1           15.1594     	-42.9067    	179.885     	
1           16.1523     	-43.0191    	179.922     	
1           17.1485     	-43.0585    	179.843     	
1           18.1454     	-43.0258    	179.916     	
1           19.141      	-43.1138    	179.887     	
1           20.0698     	-42.8246    	179.655     	
1           20.8744     	-42.2685    	179.447     	
1           21.6633     	-42.1059    	180.039     	
1           22.3812     	-41.8812    	180.698     	
1           23.0544     	-42.3115    	181.3       	
1           23.8144     	-42.6925    	181.826     	
1           24.1024     	-43.6107    	182.098     	
1           24.7811     	-44.3215    	182.283     	
1           25.0845     	-44.8983    	183.041     	
1           25.1465     	-45.1559    	184.005     	
1           25.4018     	-45.1049    	184.971     	
1           25.4579     	-45.1894    	185.966     	
1           25.6936     	-45.2507    	186.936     	
1           26.3957     	-45.2416    	187.648     	
1           26.5621     	-45.115     	188.626     	
1           26.2326     	-44.8795    	189.54      	
1           25.5052     	-44.6303    	190.179     	
1           24.992      	-44.13      	190.877     	
1           24.8492     	-43.6161    	191.723     	
1           24.3888     	-43.2675    	192.539     	
1           23.7078     	-42.9924    	193.217     	
1           23.0883     	-42.4677    	193.801     	
1           22.8225     	-41.9734    	194.629     	
1           22.4124     	-41.4477    	195.374     	
1           21.9269     	-40.9214    	196.072     	
1           21.2906     	-40.4601    	196.691     	
1           20.6539     	-40.0295    	197.33      	
1           19.8798     	-39.6042    	197.8       	
1           19.5892     	-38.6783    	198.042     	
1           19.6818     	-37.814     	198.535     	
1           19.0408     	-37.2254    	199.028     	
1           18.2982     	-36.8321    	199.571     	
1           17.4922     	-36.5948    	200.113     	
1           16.6762     	-36.1317    	200.458     	
1           15.9884     	-35.4284    	200.277     	
1           15.0737     	-35.0469    	200.144     	
1           14.3567     	-34.3917    	199.906     	
1           13.6599     	-33.8547    	199.431     	
1           12.9094     	-33.5191    	198.863     	
1           12.2823     	-33.4165    	198.089     	
1           11.4034     	-33.4001    	197.613     	
1           10.6386     	-32.9306    	197.172     	
1           9.98426     	-32.9902    	196.417     	
1           9.22609     	-33.1223    	195.779     	
1           8.57921     	-32.9597    	195.035     	
1           7.84621     	-32.82      	194.369     	
1           7.11821     	-32.6619    	193.702     	
1           6.50193     	-33.1118    	193.055     	
1           6.34627     	-33.6346    	192.217     	
1           6.05649     	-34.1854    	191.435     	
1           5.79797     	-34.8428    	190.727     	
1           5.49003     	-35.2936    	189.889     	
1           5.67595     	-35.2652    	188.907     	
1           6.1165      	-35.1143    	188.022     	
1           6.4024      	-34.8458    	187.102     	
1           6.78562     	-34.323     	186.341     	
1           7.31148     	-34.0078    	185.55      	
1           8.08312     	-33.8181    	184.944     	
1           8.88955     	-33.3665    	184.563     	
1           9.62473     	-32.6965    	184.454     	
1           10.6095     	-32.6644    	184.284     	
1           11.5805     	-32.4654    	184.15      	
1           12.5265     	-32.1512    	184.072     	
1           13.4718     	-32.1544    	184.398     	
1           14.212      	-32.6282    	184.875     	
1           14.8585     	-33.3717    	184.701     	
1           15.7206     	-33.8582    	184.844     	
1           16.6814     	-33.9965    	185.081     	
1           17.6169     	-34.0569    	184.732     	
1           18.554      	-34.2919    	184.473     	
1           19.2578     	-34.8438    	184.92      	
1           19.9907     	-35.2206    	185.485     	
1           20.7506     	-35.5349    	186.055     	
1           21.3455     	-35.833     	186.801     	
1           21.9022     	-36.0564    	187.601     	
1           22.7784     	-35.9448    	188.072     	
1           23.7056     	-35.7094    	188.363     	
1           24.5512     	-35.4432    	188.825     	
1           25.3996     	-35.1617    	189.273     	
1           25.9263     	-35.1944    	190.123     	
1           26.4172     	-35.5416    	190.922     	
1           26.2494     	-36.0626    	191.759     	
1           26.0388     	-36.7607    	192.443     	
1           25.7303     	-37.5749    	192.935     	
1           25.54       	-38.0677    	193.785     	
1           25.5818     	-38.4102    	194.722     	
1           25.5988     	-38.8551    	195.619     	
1           26.1804     	-39.2524    	196.327     	
1           26.4179     	-39.5569    	197.25      	
1           26.431      	-39.8247    	198.213     	
1           26.3406     	-40.4162    	199.014     	
1           26.0364     	-40.8033    	199.885     	
1           25.6371     	-41.3867    	200.592     	
1           25.3548     	-41.7817    	201.466     	
1           24.7408     	-42.1107    	202.185     	
1           23.9937     	-42.7336    	202.418     	
1           23.3702     	-43.3667    	202.875     	
1           23.1843     	-44.0467    	203.586     	
1           22.7965     	-44.9148    	203.893     	
1           22.4231     	-45.7401    	204.317     	
1           22.7168     	-46.6678    	204.546     	
1           22.9567     	-47.618     	204.35      	
1           23.1872     	-48.5672    	204.565     	
1           23.4057     	-49.4837    	204.9       	
1           23.8299     	-49.7875    	205.753     	
1           24.1046     	-49.34      	206.605     	
1           24.2577     	-48.8008    	207.432     	
1           24.6196     	-48.1705    	208.12      	
1           25.0594     	-47.7378    	208.907     	
1           25.314      	-47.2663    	209.751     	
1           25.6589     	-46.5614    	210.371     	
1           26.3548     	-45.982     	210.796     	
1           27.3327     	-45.8441    	210.949     	
1           28.0454     	-45.6202    	211.614     	
1           28.815      	-45.3426    	212.189     	
1           29.358      	-44.9982    	212.956     	
1           30.0687     	-44.6935    	213.589     	
1           30.5391     	-44.3236    	214.39      	
1           30.8964     	-43.6473    	215.035     	
1           31.2836     	-43.0086    	215.699     	
1           31.4866     	-42.6068    	216.591     	
1           31.8427     	-42.3094    	217.478     	
1           31.9773     	-42.3967    	218.465     	
1           32.2638     	-43.0107    	219.2       	
1           32.5523     	-43.6719    	219.893     	
1           33.1244     	-44.4473    	220.158     	
1           33.5728     	-45.1278    	220.739     	
1           34.1786     	-45.887     	220.976     	
1           34.417      	-46.2176    	221.889     	
1           34.6211     	-46.452     	222.84      	
1           35.1919     	-46.6212    	223.644     	
1           35.8995     	-47.1558    	224.105     	
1           36.5061     	-47.6225    	224.748     	
1           37.2447     	-48.1104    	225.214     	
1           37.5775     	-49.0131    	225.487     	
1           37.0247     	-49.8455    	225.497     	
1           36.6146     	-50.7573    	225.483     	
1           36.0787     	-51.6       	225.422     	
1           35.1049     	-51.8168    	225.355     	
1           34.1175     	-51.6723    	225.294     	
1           33.2548     	-51.1721    	225.368     	
1           32.6952     	-50.3778    	225.131     	
1           32.4062     	-49.8201    	224.352     	
1           32.1393     	-49.2089    	223.607     	
1           32.3787     	-48.6231    	222.833     	
1           32.9884     	-48.0796    	222.256     	
1           33.4855     	-47.3788    	221.744     	
1           34.1476     	-46.9694    	221.117     	
1           34.7483     	-46.5933    	220.411     	
1           34.9755     	-46.3868    	219.459     	
1           34.97       	-46.0292    	218.525     	
1           35.3041     	-45.6228    	217.675     	
1           35.0771     	-45.1021    	216.851     	
1           34.6832     	-44.649     	216.051     	
1           33.8978     	-44.4322    	215.472     	
1           33.1614     	-44.0142    	214.941     	
1           32.8916     	-43.3678    	214.227     	
1           33.0529     	-42.7127    	213.489     	
1           33.7056     	-42.0449    	213.132     	
1           34.0874     	-41.5411    	212.358     	
1           33.9458     	-40.9966    	211.53      	
1           33.3129     	-40.8178    	210.777     	
1           33.1126     	-40.1539    	210.057     	
1           33.1283     	-39.2772    	209.576     	
1           33.2396     	-38.3895    	209.13      	
1           33.3149     	-37.5705    	208.561     	
1           33.529      	-37.2017    	207.657     	
1           33.9762     	-37.3085    	206.769     	
1           34.2632     	-37.8441    	205.974     	
1           34.9276     	-38.3107    	205.389     	
1           35.7432     	-38.7839    	205.058     	
1           36.5065     	-39.4149    	204.917     	
1           37.2546     	-39.9383    	204.51      	
1           37.9044     	-40.1602    	203.783     	
1           38.0379     	-40.8323    	203.054     	
1           38.1286     	-41.5778    	202.392     	
1           38.4878     	-42.3614    	201.887     	
1           38.4993     	-43.27      	201.469     	
1           38.3514     	-44.2258    	201.214     	
1           38.5165     	-45.2111    	201.221     	
1           38.3624     	-46.1851    	201.391     	
1           38.0732     	-47.0907    	201.702     	
1           37.6587     	-47.9137    	202.089     	
1           37.2844     	-48.8413    	202.068     	
1           37.1837     	-49.819     	202.252     	
1           37.8189     	-50.5406    	202.525     	
1           38.4853     	-51.2818    	202.606     	
1           39.15       	-51.9924    	202.839     	
1           39.5631     	-52.901     	202.78      	
1           39.6641     	-53.8057    	202.365     	
1           39.7815     	-54.4895    	201.645     	
1           39.8401     	-55.3247    	201.1       	
1           39.6677     	-56.0705    	200.455     	
1           39.0103     	-56.7344    	200.099     	
1           38.1274     	-57.1899    	199.992     	
1           37.2715     	-57.4891    	200.415     	
1           36.2951     	-57.7044    	200.375     	
1           35.3284     	-57.7065    	200.121     	
1           34.3695     	-57.8624    	199.885     	
1           33.3959     	-57.8535    	199.658     	
1           32.6341     	-58.4997    	199.611     	
1           31.8402     	-59.0607    	199.374     	
1           31.0042     	-59.6027    	199.457     	
1           30.0922     	-59.6067    	199.866     	
1           29.6887     	-59.7706    	200.766     	
1           29.2226     	-60.1267    	201.576     	
1           28.4784     	-59.8024    	202.16      	
1           28.0226     	-59.0198    	202.585     	
1           27.3066     	-58.4488    	202.985     	
1           27.0275     	-57.7113    	203.6       	
1           26.7834     	-57.06      	204.318     	
1           26.4133     	-56.2131    	204.7       	
1           26.368      	-55.2652    	205.015     	
1           26.1647     	-54.4909    	205.615     	
1           25.8942     	-53.7038    	206.17      	
1           25.5808     	-53.1912    	206.97      	
1           24.7859     	-52.9084    	207.507     	
1           23.9342     	-52.5447    	207.881     	
1           23.197      	-52.1709    	208.445     	
1           22.5173     	-51.7615    	209.054     	
1           22.0924     	-51.6521    	209.953     	
1           21.7726     	-51.5208    	210.891     	
1           21.4981     	-51.4722    	211.851     	
1           20.8825     	-51.3032    	212.621     	
1           20.1836     	-51.0899    	213.304     	
1           19.5194     	-50.7898    	213.988     	
1           19.0235     	-50.009     	214.368     	
1           18.5577     	-49.1241    	214.394     	
1           18.3692     	-48.1476    	214.291     	
1           17.8013     	-47.3318    	214.401     	
1           17.4578     	-46.3934    	214.375     	
1           16.8869     	-45.5864    	214.221     	
1           16.5019     	-44.7483    	213.835     	
1           16.3088     	-43.8262    	213.5       	
1           16.0608     	-42.8572    	213.504     	
1           15.8431     	-42.3008    	212.702     	
1           15.2079     	-41.9549    	212.011     	
1           14.8718     	-41.4144    	211.24      	
1           14.4631     	-40.982     	210.437     	
1           13.833      	-40.764     	209.692     	
1           13.8254     	-40.8398    	208.694     	
1           13.4962     	-41.0776    	207.781     	
1           12.9619     	-41.2182    	206.947     	
1           12.7412     	-41.2037    	205.972     	
1           12.1409     	-40.8205    	205.269     	
1           11.4685     	-40.6209    	204.557     	
1           11.1056     	-39.8959    	203.972     	
1           10.9604     	-38.962     	203.645     	
1           11.0388     	-38.0824    	203.176     	
1           10.8364     	-37.3742    	202.499     	
1           10.9814     	-36.4215    	202.233     	
1           11.2541     	-35.4595    	202.242     	
1           11.7203     	-34.7657    	201.693     	
1           12.33       	-34.0258    	201.408     	
1           12.9843     	-33.3309    	201.11      	
1           13.516      	-32.5052    	200.924     	
1           14.2752     	-32.0761    	200.434     	
1           14.9985     	-31.9713    	199.752     	
1           15.7469     	-31.631     	199.184     	
1           16.2978     	-31.0863    	198.55      	
1           17.0923     	-30.4868    	198.645     	
1           17.999      	-30.0649    	198.675     	
1           18.8948     	-29.6354    	198.784     	
1           19.6176     	-29.0302    	199.117     	
1           20.29       	-28.6186    	199.732     	
1           21.0696     	-28.027     	199.94      	
1           21.5894     	-27.2405    	200.274     	
1           21.7198     	-26.281     	200.026     	
1           21.8138     	-25.5856    	199.313     	
1           21.6941     	-25.1357    	198.428     	
1           21.4909     	-24.5318    	197.657     	
1           21.0811     	-23.8045    	197.108     	
1           20.7095     	-23.0142    	196.62      	
1           20.256      	-22.1767    	196.314     	
1           19.5883     	-21.4403    	196.207     	
1           18.9967     	-20.6394    	196.114     	
1           18.2568     	-20.0748    	195.749     	
1           17.6429     	-19.2937    	195.639     	
1           16.9969     	-18.558     	195.842     	
1           16.8337     	-17.6014    	196.087     	
1           16.4776     	-16.8287    	196.61      	
1           16.1288     	-15.9737    	196.995     	
1           16.2548     	-15.2525    	197.677     	
1           16.2732     	-14.2994    	197.978     	
1           16.2814     	-13.3047    	197.881     	
1           16.5608     	-12.5501    	197.286     	
1           16.6283     	-11.6544    	196.848     	
1           16.1776     	-10.7842    	196.648     	
1           15.9599     	-9.81967    	196.796     	
1           15.8311     	-8.85161    	197.01      	
1           15.5777     	-7.88348    	197.009     	
1           15.0017     	-7.1384     	197.345     	
1           14.6041     	-6.37962    	197.861     	
1           14.6536     	-5.69542    	198.587     	
1           14.7721     	-5.65331    	199.58      	
1           14.6711     	-5.3007     	200.51      	
1           14.7978     	-4.96568    	201.444     	
1           14.7772     	-4.48829    	202.323     	
1           15.0078     	-4.17541    	203.244     	
1           15.5788     	-4.42103    	204.028     	
1           16.2913     	-4.74634    	204.649     	
1           16.8815     	-5.50772    	204.918     	
1           17.2121     	-6.20554    	205.554     	
1           17.3092     	-6.98328    	206.175     	
1           17.7354     	-7.72885    	206.687     	
1           18.1516     	-8.61121    	206.905     	
1           18.5014     	-9.54205    	207.012     	
1           18.992      	-10.3998    	206.858     	
1           19.146      	-11.2437    	207.372     	
1           19.0878     	-12.1406    	207.809     	
1           19.7438     	-12.8802    	207.965     	
1           20.5445     	-13.2967    	208.394     	
1           21.0873     	-14.1264    	208.527     	
1           21.4513     	-15.0085    	208.826     	
1           22.0742     	-15.7884    	208.868     	
1           22.8539     	-16.4082    	208.778     	
1           23.7174     	-16.9054    	208.694     	
1           24.3763     	-17.6562    	208.641     	
1           24.555      	-18.6251    	208.811     	
1           24.7778     	-19.5796    	209.009     	
1           24.6417     	-20.4665    	208.568     	
1           23.8611     	-21.0832    	208.469     	
1           23.1103     	-21.7244    	208.631     	
1           22.2615     	-21.899     	209.129     	
1           21.4359     	-22.0704    	209.667     	
1           20.7388     	-21.6602    	210.254     	
1           19.8995     	-21.5428    	210.786     	
1           19.0915     	-21.1685    	211.241     	
1           18.5164     	-20.7773    	211.96      	
1           17.7938     	-20.6502    	212.64      	
1           17.0521     	-20.5356    	213.301     	
1           16.0634     	-20.4107    	213.383     	
1           15.1139     	-20.1702    	213.184     	
1           14.4531     	-19.5573    	212.751     	
1           14.1166     	-18.8686    	212.109     	
1           13.9144     	-17.9806    	211.696     	
1           13.6262     	-17.2709    	211.052     	
1           13.431      	-16.4415    	210.529     	
1           12.9172     	-15.6363    	210.231     	
1           12.8644     	-14.6559    	210.045     	
1           13.0577     	-13.7495    	209.669     	
1           13.1996     	-12.7651    	209.564     	
1           13.5327     	-11.9283    	209.129     	
1           13.6185     	-11.1453    	208.513     	
1           13.7796     	-10.9012    	207.557     	
1           13.6523     	-10.7211    	206.581     	
1           13.1671     	-10.3825    	205.776     	
1           12.5064     	-9.82507    	205.273     	
1           12.0688     	-9.32642    	204.524     	
1           11.4075     	-9.14545    	203.797     	
1           10.7447     	-8.52317    	203.379     	
1           10.0267     	-7.94191    	202.998     	
1           9.19968     	-7.57368    	202.571     	
1           8.68811     	-6.86285    	202.089     	
1           8.02654     	-6.38022    	201.515     	
1           7.26784     	-6.33766    	200.866     	
1           6.59955     	-5.91256    	200.254     	
1           5.68688     	-5.71817    	199.897     	
1           4.77103     	-5.32828    	199.995     	
1           4.0113      	-4.72509    	200.236     	
1           3.18196     	-4.23484    	200.506     	
1           2.24805     	-3.93463    	200.7       	
1           1.401       	-4.43965    	200.533     	
1           0.531955    	-4.92158    	200.643     	
1           -0.299662   	-5.47818    	200.65      	
1           -1.13168    	-6.02606    	200.732     	
1           -1.72063    	-6.55907    	201.339     	
1           -1.79598    	-7.038      	202.214     	
1           -1.80487    	-7.30932    	203.176     	
1           -1.61083    	-7.85631    	203.991     	
1           -1.5308     	-8.59777    	204.657     	
1           -1.82076    	-9.47315    	205.044     	
1           -1.94206    	-10.3714    	205.467     	
1           -2.51082    	-11.1833    	205.597     	
1           -3.25731    	-11.8161    	205.803     	
1           -3.73687    	-12.6688    	205.594     	
1           -4.54772    	-13.229     	205.426     	
1           -5.26287    	-13.8358    	205.078     	
1           -5.84148    	-14.5693    	204.724     	
1           -6.58257    	-15.1772    	204.436     	
1           -7.43187    	-15.4967    	204.017     	
1           -8.40261    	-15.5779    	204.247     	
1           -9.30197    	-15.8676    	204.573     	
1           -10.2238    	-16.2528    	204.606     	
1           -10.874     	-16.4655    	205.335     	
1           -11.7333    	-16.6729    	205.803     	
1           -12.5034    	-17.1725    	206.2       	
1           -13.2741    	-17.5497    	206.714     	
1           -13.9064    	-17.9056    	207.402     	
1           -14.5386    	-17.4856    	208.053     	
1           -15.2589    	-17.2305    	208.699     	
1           -16.2355    	-17.2522    	208.913     	
1           -17.0614    	-16.8811    	209.337     	
1           -17.3143    	-16.3552    	210.149     	
1           -17.7127    	-15.5165    	210.522     	
1           -18.1071    	-14.9312    	211.23      	
1           -18.7658    	-14.2424    	211.534     	
1           -19.5048    	-13.6138    	211.776     	
1           -20.3582    	-13.0938    	211.731     	
1           -21.3292    	-12.8582    	211.761     	
1           -22.1534    	-12.9559    	212.319     	
1           -22.9557    	-13.4925    	212.58      	
1           -23.65      	-14.0966    	212.971     	
1           -24.4419    	-14.5476    	213.383     	
1           -25.2447    	-14.9782    	213.795     	
1           -26.1476    	-15.303     	214.076     	
1           -26.9081    	-15.6454    	214.629     	
1           -27.4487    	-16.0344    	215.374     	
1           -27.9018    	-16.5154    	216.125     	
1           -28.406     	-17.235     	216.604     	
1           -29.046     	-17.9728    	216.818     	
1           -29.7603    	-18.6722    	216.828     	
1           -29.9916    	-19.6324    	216.668     	
1           -30.1453    	-20.5833    	216.403     	
1           -30.6858    	-21.4226    	216.468     	
1           -31.5784    	-21.7326    	216.142     	
1           -32.5532    	-21.5989    	216.323     	
1           -33.5415    	-21.4783    	216.238     	
1           -34.2944    	-21.3524    	216.884     	
