1000

1           18.3245     	-71.2829    	198.62      	
1           17.8149     	-70.4771    	198.92      	
1           17.6765     	-69.5687    	199.316     	
1           17.6826     	-68.6187    	199.629     	
1           17.8529     	-67.6729    	199.904     	
1           17.7024     	-66.7161    	200.151     	
1           17.729      	-65.7476    	200.4       	
1           17.7964     	-64.7544    	200.306     	
1           17.9936     	-63.8759    	199.871     	
1           18.5562     	-63.1304    	199.513     	
1           19.1482     	-62.4259    	199.122     	
1           19.3077     	-61.4568    	198.933     	
1           20.0173     	-60.7673    	198.786     	
1           20.5409     	-60.136     	198.214     	
1           20.9939     	-59.3447    	197.803     	
1           21.8024     	-58.9012    	197.417     	
1           22.531      	-58.2177    	197.369     	
1           22.9254     	-57.3652    	197.025     	
1           23.4393     	-56.5079    	197.038     	
1           23.9944     	-55.6785    	196.979     	
1           24.5878     	-54.9014    	197.189     	
1           25.359      	-54.496     	197.681     	
1           26.1977     	-53.9558    	197.614     	
1           26.8233     	-53.2038    	197.409     	
1           27.477      	-52.6435    	196.899     	
1           28.3569     	-52.5337    	196.436     	
1           29.1734     	-52.3818    	195.88      	
1           29.8211     	-51.8044    	195.383     	
1           30.6965     	-51.3215    	195.374     	
1           31.5312     	-50.9012    	195.731     	
1           32.3582     	-50.3674    	195.904     	
1           33.2226     	-49.8825    	196.038     	
1           34.1746     	-49.6662    	196.255     	
1           35.1261     	-49.3608    	196.286     	
1           36.0857     	-49.1023    	196.396     	
1           37.0255     	-48.9142    	196.681     	
1           37.7636     	-48.2489    	196.57      	
1           38.6785     	-47.8495    	196.636     	
1           39.6312     	-47.7234    	196.911     	
1           40.6111     	-47.8566    	197.059     	
1           41.5589     	-47.5613    	197.179     	
1           42.3642     	-47.0324    	197.446     	
1           42.9197     	-46.4313    	196.871     	
1           43.404      	-46.286     	196.009     	
1           43.913      	-45.9019    	195.238     	
1           43.6065     	-45.3827    	194.44      	
1           43.6592     	-44.7621    	193.658     	
1           43.7022     	-44.2011    	192.832     	
1           43.6353     	-43.5525    	192.073     	
1           43.1608     	-42.744     	191.724     	
1           42.7827     	-41.9877    	191.19      	
1           42.6101     	-41.371     	190.422     	
1           42.2283     	-40.7154    	189.77      	
1           41.3999     	-40.3669    	189.333     	
1           40.7279     	-39.9867    	188.698     	
1           39.8156     	-39.8155    	188.326     	
1           38.9176     	-40.0496    	187.953     	
1           38.3974     	-40.8382    	187.625     	
1           37.907      	-41.7088    	187.643     	
1           37.9061     	-42.5886    	187.165     	
1           37.89       	-43.4954    	186.746     	
1           37.354      	-44.206     	186.29      	
1           36.9034     	-44.8276    	185.649     	
1           36.4513     	-45.5799    	185.17      	
1           35.804      	-46.1992    	184.725     	
1           35.0458     	-46.8156    	184.514     	
1           34.641      	-47.6999    	184.279     	
1           34.171      	-48.4623    	183.835     	
1           33.5121     	-48.9755    	183.284     	
1           32.897      	-48.849     	182.506     	
1           32.2929     	-48.2896    	181.939     	
1           31.5072     	-47.8662    	181.486     	
1           31.0552     	-47.2529    	180.838     	
1           30.465      	-46.8419    	180.144     	
1           30.2075     	-46.1414    	179.479     	
1           29.7243     	-45.2684    	179.415     	
1           29.2317     	-44.4194    	179.224     	
1           28.9782     	-43.4518    	179.225     	
1           29.0101     	-42.4591    	179.341     	
1           28.938      	-41.4858    	179.561     	
1           28.9822     	-40.5338    	179.863     	
1           28.6519     	-39.7452    	180.383     	
1           28.1844     	-38.8666    	180.473     	
1           28.3573     	-37.8836    	180.413     	
1           28.2123     	-36.9267    	180.16      	
1           27.7933     	-36.0743    	179.847     	
1           27.2613     	-35.2658    	179.597     	
1           26.3496     	-34.8551    	179.596     	
1           25.3602     	-34.914     	179.459     	
1           24.4899     	-35.088     	178.999     	
1           23.8381     	-34.65      	178.379     	
1           22.9026     	-34.4558    	178.084     	
1           21.9612     	-34.5605    	177.766     	
1           21.0482     	-34.5169    	177.358     	
1           20.0638     	-34.352     	177.419     	
1           19.1645     	-34.4341    	176.991     	
1           18.2202     	-34.4945    	176.667     	
1           17.5597     	-34.3434    	175.929     	
1           16.8265     	-34.9909    	175.728     	
1           16.2821     	-35.7962    	175.489     	
1           15.6939     	-36.5895    	175.335     	
1           15.2707     	-37.4908    	175.428     	
1           14.6175     	-38.1957    	175.705     	
1           14.0435     	-39.0147    	175.713     	
1           13.62       	-39.8588    	175.386     	
1           13.0271     	-40.6589    	175.477     	
1           12.3226     	-41.3638    	175.563     	
1           11.3745     	-41.6816    	175.552     	
1           10.3933     	-41.5116    	175.463     	
1           9.47488     	-41.8478    	175.255     	
1           8.85559     	-42.5999    	175.482     	
1           8.40358     	-43.4919    	175.496     	
1           8.02241     	-43.8858    	174.66      	
1           8.1472      	-44.0814    	173.687     	
1           8.16613     	-43.8507    	172.715     	
1           8.51102     	-43.1642    	172.075     	
1           8.38256     	-42.6284    	171.239     	
1           8.42742     	-42.6866    	170.242     	
1           8.01114     	-42.67      	169.333     	
1           7.88649     	-42.6541    	168.341     	
1           7.73497     	-42.6616    	167.353     	
1           8.0119      	-42.7968    	166.401     	
1           7.92294     	-43.0994    	165.452     	
1           7.75059     	-43.7877    	164.747     	
1           7.5477      	-44.7327    	164.492     	
1           7.61793     	-45.6871    	164.202     	
1           7.73755     	-46.6228    	164.535     	
1           7.96932     	-47.0103    	165.428     	
1           7.96058     	-47.0418    	166.427     	
1           7.67803     	-47.2834    	167.355     	
1           7.43446     	-47.2674    	168.325     	
1           7.4143      	-46.6937    	169.144     	
1           7.3375      	-45.939     	169.795     	
1           7.50039     	-45.3086    	170.554     	
1           7.36877     	-44.403     	170.958     	
1           7.01179     	-43.5204    	170.655     	
1           6.68973     	-42.6352    	170.319     	
1           6.22178     	-41.9216    	169.798     	
1           5.58422     	-41.1554    	169.712     	
1           4.80259     	-40.6825    	170.117     	
1           4.24192     	-40.3571    	170.879     	
1           3.66665     	-39.8389    	171.512     	
1           3.57621     	-39.0168    	172.075     	
1           3.18542     	-38.1224    	172.294     	
1           2.58303     	-37.3534    	172.503     	
1           2.31346     	-36.4467    	172.829     	
1           2.01925     	-36.0449    	173.697     	
1           1.66806     	-35.7193    	174.574     	
1           1.55218     	-34.8967    	175.13      	
1           1.46466     	-33.9801    	175.521     	
1           1.73236     	-33.1082    	175.931     	
1           1.88147     	-32.4994    	176.71      	
1           2.23581     	-31.8447    	177.378     	
1           2.78665     	-31.2337    	177.946     	
1           3.56749     	-30.8039    	178.4       	
1           4.16415     	-30.1094    	177.997     	
1           4.75282     	-29.5671    	177.398     	
1           5.59046     	-29.2627    	176.944     	
1           6.17066     	-29.4871    	176.161     	
1           6.93054     	-29.6287    	175.527     	
1           7.65953     	-29.7285    	174.849     	
1           8.06638     	-29.6439    	173.94      	
1           8.43093     	-29.658     	173.01      	
1           8.80681     	-29.5339    	172.091     	
1           9.10443     	-29.3944    	171.146     	
1           8.90968     	-28.9703    	170.262     	
1           9.23047     	-28.218     	169.687     	
1           9.06208     	-27.4314    	169.091     	
1           8.94375     	-26.8899    	168.26      	
1           8.86723     	-26.3737    	167.406     	
1           9.03525     	-26.4653    	166.425     	
1           9.11023     	-26.3178    	165.439     	
1           8.78357     	-26.1718    	164.506     	
1           8.76731     	-25.7088    	163.618     	
1           8.49911     	-25.7303    	162.655     	
1           7.92782     	-25.5852    	161.848     	
1           7.37251     	-25.288     	161.071     	
1           6.61392     	-25.1674    	160.431     	
1           6.08364     	-24.8758    	159.635     	
1           5.31451     	-25.037     	159.016     	
1           4.67257     	-25.3224    	158.305     	
1           3.76861     	-25.34      	157.876     	
1           3.11385     	-25.1337    	157.149     	
1           2.80395     	-24.7557    	156.277     	
1           2.47939     	-24.1033    	155.592     	
1           2.4563      	-23.3586    	154.924     	
1           2.47706     	-22.5472    	154.341     	
1           2.63294     	-21.8066    	153.688     	
1           2.61443     	-21.2107    	152.885     	
1           2.7559      	-20.4761    	152.221     	
1           2.90847     	-19.8218    	151.479     	
1           2.856       	-18.9383    	151.014     	
1           2.40616     	-18.1181    	150.662     	
1           2.39173     	-17.133     	150.835     	
1           2.25439     	-16.1429    	150.849     	
1           2.12993     	-15.2998    	150.327     	
1           2.69141     	-14.5123    	150.073     	
1           3.27108     	-13.7159    	149.896     	
1           3.51759     	-12.7604    	150.054     	
1           3.82286     	-11.9758    	150.593     	
1           3.72131     	-11.1667    	151.171     	
1           3.9495      	-10.8952    	152.107     	
1           4.14789     	-10.4204    	152.964     	
1           4.03438     	-10.3318    	153.954     	
1           3.91434     	-10.3107    	154.947     	
1           4.11341     	-10.2951    	155.926     	
1           4.1112      	-9.54736    	156.591     	
1           4.04302     	-9.27716    	157.551     	
1           3.69814     	-8.97394    	158.44      	
1           3.01398     	-8.96193    	159.169     	
1           2.18204     	-9.09549    	159.707     	
1           1.28609     	-9.40319    	160.026     	
1           0.601905    	-9.9571     	160.5       	
1           -0.216954   	-10.5309    	160.515     	
1           -0.983506   	-11.0768    	160.854     	
1           -1.67922    	-11.6567    	161.279     	
1           -2.42231    	-12.2617    	161.563     	
1           -3.34513    	-12.5602    	161.808     	
1           -3.92464    	-13.3674    	161.915     	
1           -3.92974    	-14.3024    	162.271     	
1           -3.35981    	-15.0676    	162.568     	
1           -2.76948    	-15.5267    	163.232     	
1           -2.13302    	-15.5343    	164.003     	
1           -1.59427    	-15.628     	164.841     	
1           -0.887806   	-15.5575    	165.545     	
1           -0.258395   	-15.5577    	166.322     	
1           0.438265    	-15.1461    	166.91      	
1           0.701146    	-14.3687    	167.482     	
1           0.962926    	-13.7441    	168.217     	
1           1.43568     	-13.5372    	169.074     	
1           2.05584     	-13.2661    	169.81      	
1           2.49918     	-13.6464    	170.622     	
1           3.05352     	-13.8533    	171.427     	
1           3.94207     	-13.8787    	171.887     	
1           4.67179     	-13.9087    	172.57      	
1           5.64206     	-13.7442    	172.391     	
1           6.59327     	-13.5203    	172.177     	
1           7.51772     	-13.3395    	171.842     	
1           8.3228      	-12.879     	171.468     	
1           9.31707     	-12.972     	171.504     	
1           10.2821     	-12.9535    	171.767     	
1           11.236      	-12.7028    	171.932     	
1           12.1863     	-12.5879    	171.642     	
1           13.058      	-13.0605    	171.513     	
1           13.7613     	-13.1018    	170.803     	
1           14.0371     	-13.2528    	169.854     	
1           14.3648     	-13.6124    	168.98      	
1           15.2057     	-13.5861    	168.44      	
1           15.4606     	-13.1468    	167.578     	
1           15.9087     	-12.3642    	167.145     	
1           16.2533     	-11.5883    	166.617     	
1           16.8107     	-10.9104    	166.139     	
1           17.5581     	-10.6177    	165.543     	
1           17.8827     	-10.7253    	164.602     	
1           18.0749     	-11.0478    	163.676     	
1           18.4144     	-11.4587    	162.83      	
1           18.8826     	-11.6245    	161.962     	
1           19.111      	-11.9659    	161.049     	
1           18.9849     	-12.4802    	160.202     	
1           18.4414     	-13.2297    	159.824     	
1           17.94       	-13.9361    	159.324     	
1           17.5031     	-14.4994    	158.622     	
1           16.8654     	-14.9576    	158.003     	
1           16.3537     	-15.8153    	157.96      	
1           15.8946     	-16.7025    	157.92      	
1           15.4992     	-17.5432    	157.55      	
1           15.2388     	-18.4946    	157.383     	
1           14.9465     	-19.3848    	157.035     	
1           14.6329     	-20.3189    	156.865     	
1           14.378      	-21.2852    	156.897     	
1           14.0344     	-22.1462    	157.272     	
1           13.7495     	-23.1033    	157.321     	
1           13.4831     	-24.067     	157.344     	
1           13.5268     	-25.047     	157.541     	
1           14.1336     	-25.606     	158.106     	
1           14.7434     	-25.7731    	158.881     	
1           15.3259     	-25.9113    	159.682     	
1           15.9387     	-26.3574    	160.334     	
1           16.5618     	-26.7796    	160.992     	
1           17.1494     	-26.6461    	161.79      	
1           17.8177     	-26.8796    	162.496     	
1           18.6732     	-26.9476    	163.011     	
1           19.5118     	-27.4365    	163.249     	
1           20.4244     	-27.4421    	163.659     	
1           21.0897     	-27.0101    	164.267     	
1           21.8692     	-26.9654    	164.892     	
1           22.4951     	-27.1731    	165.644     	
1           22.8692     	-27.0344    	166.561     	
1           22.6931     	-26.9413    	167.54      	
1           22.3373     	-26.5766    	168.401     	
1           22.3278     	-26.1437    	169.303     	
1           21.687      	-25.6598    	169.899     	
1           21.3377     	-25.0592    	170.619     	
1           20.7652     	-24.7368    	171.372     	
1           20.9474     	-24.1699    	172.175     	
1           21.0995     	-23.7814    	173.085     	
1           21.5239     	-23.0728    	173.648     	
1           21.7525     	-22.4621    	174.406     	
1           21.5061     	-21.7045    	175.011     	
1           21.0939     	-21.2099    	175.775     	
1           20.7818     	-20.7893    	176.627     	
1           20.3446     	-20.3768    	177.427     	
1           19.8839     	-19.8857    	178.165     	
1           19.2058     	-19.5727    	178.831     	
1           18.6825     	-19.0368    	179.493     	
1           18.1416     	-18.2788    	179.857     	
1           18.095      	-17.3995    	180.332     	
1           17.9575     	-16.4131    	180.418     	
1           17.4567     	-15.6247    	180.058     	
1           17.2164     	-14.8268    	179.507     	
1           16.31       	-14.5927    	179.154     	
1           15.4427     	-14.1476    	178.932     	
1           14.7526     	-13.4398    	178.782     	
1           14.0825     	-12.716     	178.946     	
1           14.0927     	-11.7967    	179.341     	
1           13.6775     	-10.902     	179.503     	
1           13.0244     	-10.1476    	179.574     	
1           12.6252     	-9.32743    	179.983     	
1           11.9203     	-8.6319     	180.123     	
1           10.9398     	-8.5986     	180.32      	
1           10.1668     	-8.27954    	180.868     	
1           9.25754     	-7.97232    	181.151     	
1           8.54311     	-7.33433    	181.436     	
1           7.82489     	-6.76314    	181.834     	
1           7.00464     	-6.38572    	182.264     	
1           6.16119     	-6.25761    	182.786     	
1           5.3105      	-5.97904    	183.231     	
1           4.61217     	-5.60336    	183.839     	
1           3.70437     	-5.61377    	184.26      	
1           2.83183     	-5.48671    	184.733     	
1           1.89935     	-5.1407     	184.63      	
1           1.58068     	-4.20304    	184.763     	
1           1.12378     	-3.34867    	185.011     	
1           0.323902    	-2.74903    	184.984     	
1           -0.259009   	-1.96632    	184.765     	
1           -1.13011    	-1.54664    	184.509     	
1           -1.9941     	-1.09826    	184.282     	
1           -2.6275     	-0.673745   	183.634     	
1           -3.02745    	-0.41297    	182.755     	
1           -3.56892    	-0.485505   	181.918     	
1           -3.68754    	-0.398935   	180.929     	
1           -3.95394    	-0.553623   	179.978     	
1           -4.04821    	-0.989073   	179.083     	
1           -3.48882    	-1.19948    	178.28      	
1           -3.03418    	-1.56645    	177.469     	
1           -2.79484    	-2.28935    	176.821     	
1           -2.74026    	-3.19134    	176.393     	
1           -2.67446    	-4.18214    	176.513     	
1           -2.49234    	-5.16134    	176.598     	
1           -2.37278    	-5.97664    	176.032     	
1           -2.32334    	-6.74644    	175.394     	
1           -2.38824    	-7.21004    	174.511     	
1           -2.37167    	-7.46115    	173.543     	
1           -2.10681    	-7.62672    	172.593     	
1           -2.258      	-7.63836    	171.604     	
1           -1.89549    	-7.58689    	170.674     	
1           -1.18215    	-7.32802    	170.022     	
1           -0.782738   	-6.83596    	169.249     	
1           -0.58993    	-6.47598    	168.336     	
1           0.104794    	-6.30118    	167.639     	
1           0.979881    	-6.1008     	167.198     	
1           1.93724     	-5.97295    	166.937     	
1           2.90849     	-6.18695    	167.034     	
1           3.88913     	-6.31343    	166.883     	
1           4.53264     	-6.5432     	166.153     	
1           4.57264     	-7.07468    	165.307     	
1           4.72622     	-7.77138    	164.606     	
1           5.08558     	-8.45853    	163.974     	
1           5.40262     	-9.3879     	163.783     	
1           5.92416     	-10.1524    	163.405     	
1           6.70016     	-10.7818    	163.362     	
1           7.51652     	-11.3474    	163.245     	
1           7.73641     	-12.2364    	162.845     	
1           7.66761     	-13.0561    	162.275     	
1           7.95301     	-13.9731    	161.998     	
1           7.84434     	-14.9635    	161.909     	
1           7.88027     	-15.9625    	161.893     	
1           7.7845      	-16.6805    	161.204     	
1           7.75747     	-17.2165    	160.36      	
1           7.42391     	-17.301     	159.421     	
1           7.26129     	-16.9271    	158.508     	
1           7.2397      	-16.6159    	157.557     	
1           7.05516     	-16.5444    	156.577     	
1           7.26042     	-16.5405    	155.599     	
1           6.8462      	-16.7422    	154.711     	
1           6.17787     	-16.7721    	153.967     	
1           5.73597     	-17.2116    	153.186     	
1           5.97715     	-17.982     	152.596     	
1           6.36763     	-18.6523    	151.965     	
1           6.96132     	-19.397     	151.66      	
1           7.64856     	-20.1001    	151.842     	
1           8.05964     	-20.978     	152.088     	
1           8.42079     	-21.4709    	152.88      	
1           8.57101     	-21.6777    	153.847     	
1           8.75815     	-21.8837    	154.807     	
1           8.43087     	-22.3855    	155.608     	
1           7.71121     	-22.8996    	156.074     	
1           7.30591     	-23.6862    	156.54      	
1           7.42068     	-23.8593    	157.518     	
1           7.69458     	-24.0793    	158.454     	
1           8.30269     	-24.3504    	159.201     	
1           8.40118     	-24.9393    	160.003     	
1           8.64382     	-25.6101    	160.704     	
1           9.38943     	-26.0519    	161.203     	
1           10.2198     	-26.609     	161.198     	
1           11.1366     	-26.9615    	161.386     	
1           12.0959     	-27.2199    	161.499     	
1           13.0745     	-27.092     	161.337     	
1           14.0249     	-26.8025    	161.223     	
1           14.7474     	-27.492     	161.175     	
1           15.5904     	-28.0256    	161.243     	
1           16.2679     	-28.711     	161.51      	
1           16.9995     	-29.366     	161.699     	
1           17.5738     	-30.1461    	161.947     	
1           18.2977     	-30.8356    	161.973     	
1           19.0147     	-31.5316    	162.011     	
1           19.6411     	-32.2986    	162.15      	
1           20.196      	-32.9634    	161.65      	
1           20.211      	-33.5133    	160.815     	
1           20.0307     	-33.7597    	159.863     	
1           20.0704     	-34.3034    	159.024     	
1           19.9538     	-34.5378    	158.059     	
1           19.8574     	-34.9869    	157.171     	
1           19.7061     	-35.4929    	156.322     	
1           19.2809     	-36.0574    	155.614     	
1           18.8599     	-36.8278    	155.136     	
1           18.3929     	-37.4297    	154.488     	
1           17.9898     	-38.0101    	153.78      	
1           17.3136     	-38.5981    	153.337     	
1           16.6268     	-39.0944    	152.805     	
1           15.9915     	-39.7377    	153.233     	
1           15.2868     	-40.4373    	153.351     	
1           14.3249     	-40.7098    	153.371     	
1           13.3984     	-41.0742    	153.465     	
1           12.4079     	-41.185     	153.384     	
1           11.6022     	-40.9624    	152.835     	
1           10.7352     	-40.6471    	153.221     	
1           10.2115     	-40.2597    	153.98      	
1           10.0478     	-39.4863    	154.592     	
1           9.64795     	-38.7762    	155.172     	
1           9.27901     	-37.939     	154.768     	
1           8.58349     	-37.2305    	154.648     	
1           7.92197     	-36.5319    	154.375     	
1           7.46221     	-35.7423    	153.969     	
1           6.93486     	-34.9662    	153.623     	
1           5.97593     	-34.7201    	153.482     	
1           4.99987     	-34.5031    	153.496     	
1           4.00006     	-34.4804    	153.498     	
1           3.06695     	-34.3571    	153.835     	
1           2.07429     	-34.3999    	153.948     	
1           1.21577     	-34.9084    	153.883     	
1           0.682246    	-35.514     	153.292     	
1           0.00860329  	-35.7567    	152.594     	
1           -0.247371   	-36.4355    	151.906     	
1           -0.270361   	-37.0768    	151.139     	
1           0.0660996   	-37.0156    	150.199     	
1           0.816812    	-36.8167    	149.569     	
1           1.5727      	-37.0811    	148.97      	
1           2.44732     	-37.1441    	148.49      	
1           2.88098     	-38.0125    	148.249     	
1           3.49117     	-38.8034    	148.204     	
1           4.4288      	-39.0574    	148.441     	
1           5.22397     	-39.2317    	149.022     	
1           5.95782     	-39.2268    	149.701     	
1           6.7053      	-39.132     	150.359     	
1           7.52164     	-39.0096    	150.923     	
1           8.4897      	-38.7633    	150.875     	
1           9.39405     	-38.4247    	151.135     	
1           10.2914     	-38.1414    	151.473     	
1           10.9999     	-38.2908    	152.163     	
1           11.8975     	-38.4404    	152.577     	
1           12.6941     	-38.5573    	153.17      	
1           13.1587     	-38.7764    	154.028     	
1           13.1779     	-39.1471    	154.957     	
1           12.865      	-38.9983    	155.895     	
1           12.4502     	-39.4475    	156.686     	
1           11.8587     	-39.8625    	157.378     	
1           11.2179     	-39.6168    	158.105     	
1           10.6007     	-39.0299    	158.629     	
1           9.84052     	-39.1158    	159.273     	
1           9.34237     	-38.9335    	160.121     	
1           9.0611      	-39.0584    	161.072     	
1           8.81834     	-39.5775    	161.892     	
1           8.27512     	-40.4165    	161.925     	
1           7.65724     	-41.1532    	162.199     	
1           7.19423     	-41.8395    	162.76      	
1           6.73749     	-42.5729    	163.264     	
1           6.02374     	-43.1864    	163.602     	
1           5.50888     	-43.7863    	164.214     	
1           4.97865     	-44.2446    	164.927     	
1           4.45791     	-44.3234    	165.777     	
1           4.16377     	-44.4216    	166.728     	
1           4.09028     	-44.7211    	167.679     	
1           4.35023     	-44.549     	168.63      	
1           4.2327      	-44.3281    	169.598     	
1           4.43247     	-44.1851    	170.567     	
1           4.84511     	-44.1429    	171.477     	
1           5.07401     	-44.112     	172.45      	
1           5.48237     	-43.4791    	173.108     	
1           5.92711     	-42.81      	173.703     	
1           6.27972     	-41.9516    	174.076     	
1           6.79033     	-41.1324    	174.337     	
1           7.35258     	-40.3324    	174.546     	
1           8.0802      	-39.6737    	174.738     	
1           8.87825     	-39.1125    	174.519     	
1           9.44641     	-38.5749    	173.896     	
1           10.1045     	-37.8677    	173.637     	
1           10.6782     	-37.4258    	172.947     	
1           11.2593     	-36.8204    	172.403     	
1           11.5192     	-36.098     	171.763     	
1           11.9986     	-35.3538    	171.298     	
1           12.4458     	-34.502     	171.024     	
1           12.8573     	-33.6555    	170.687     	
1           13.0526     	-32.6922    	170.503     	
1           12.9933     	-31.7043    	170.646     	
1           12.5692     	-30.7987    	170.638     	
1           12.1057     	-29.9146    	170.697     	
1           11.7252     	-29.0169    	170.474     	
1           11.3766     	-28.0799    	170.493     	
1           11.0112     	-27.2239    	170.858     	
1           10.5312     	-26.4728    	171.312     	
1           10.0358     	-25.8257    	171.892     	
1           9.7961      	-25.385     	172.757     	
1           9.79793     	-24.7261    	173.509     	
1           9.74365     	-24.3478    	174.433     	
1           9.87784     	-24.0181    	175.367     	
1           10.0835     	-23.5536    	176.229     	
1           10.1166     	-23.1148    	177.127     	
1           9.88073     	-23.2437    	178.09      	
1           9.34521     	-23.5519    	178.876     	
1           8.668       	-24.2037    	179.218     	
1           7.991       	-24.6156    	179.828     	
1           7.31629     	-24.7531    	180.553     	
1           6.52403     	-25.1152    	181.044     	
1           5.82616     	-25.61      	181.562     	
1           5.02206     	-26.1097    	181.24      	
1           4.51062     	-26.9103    	180.928     	
1           3.70489     	-27.1971    	180.409     	
1           3.01151     	-27.5232    	179.767     	
1           2.17347     	-27.9172    	179.389     	
1           1.49338     	-28.6357    	179.535     	
1           0.812652    	-29.2968    	179.22      	
1           0.613986    	-30.0275    	178.566     	
1           -0.155166   	-30.5814    	178.248     	
1           -0.87573    	-30.9026    	177.633     	
1           -1.57137    	-31.2227    	176.99      	
1           -1.42396    	-31.6664    	176.106     	
1           -1.04376    	-32.2354    	175.377     	
1           -0.414384   	-32.7576    	174.801     	
1           0.260156    	-33.3725    	174.393     	
1           1.08511     	-33.9185    	174.247     	
1           2.0331      	-34.2234    	174.338     	
1           2.93017     	-34.6626    	174.387     	
1           3.9299      	-34.6467    	174.375     	
1           4.8735      	-34.8687    	174.129     	
1           5.63149     	-34.8206    	173.479     	
1           6.11838     	-34.6639    	172.62      	
1           6.3928      	-34.0682    	171.865     	
1           6.79342     	-33.4566    	171.183     	
1           7.37944     	-32.6935    	170.91      	
1           7.61352     	-31.7922    	170.545     	
1           7.52152     	-30.9731    	169.979     	
1           7.22938     	-30.2098    	169.403     	
1           7.45421     	-29.4244    	168.826     	
1           8.202       	-28.9137    	168.402     	
1           8.84541     	-28.4779    	167.773     	
1           9.64641     	-28.017     	167.391     	
1           10.3576     	-27.3847    	167.084     	
1           10.7102     	-26.6178    	166.547     	
1           11.2234     	-26.3006    	165.75      	
1           11.7227     	-26.2735    	164.884     	
1           11.9034     	-25.627     	164.143     	
1           12.7138     	-25.0565    	164.009     	
1           13.5885     	-24.6221    	163.794     	
1           14.5388     	-24.3945    	163.582     	
1           15.51       	-24.5989    	163.705     	
1           16.3185     	-25.1645    	163.867     	
1           17.0456     	-25.6284    	164.373     	
1           18.0433     	-25.5617    	164.385     	
1           18.9622     	-25.1781    	164.478     	
1           19.844      	-24.7065    	164.478     	
1           20.8276     	-24.6       	164.623     	
1           21.6816     	-24.2905    	165.041     	
1           22.1294     	-23.6139    	165.625     	
1           22.4213     	-22.9086    	166.272     	
1           22.6144     	-22.3775    	167.097     	
1           22.6235     	-21.9101    	167.981     	
1           22.4271     	-21.6627    	168.929     	
1           22.3989     	-21.5031    	169.916     	
1           22.396      	-20.9992    	170.78      	
1           22.4667     	-20.8044    	171.758     	
1           22.0275     	-20.5332    	172.615     	
1           21.5321     	-19.883     	173.191     	
1           21.048      	-19.2921    	173.836     	
1           20.6121     	-18.5699    	174.373     	
1           20.3427     	-17.7954    	174.946     	
1           20.2344     	-16.8637    	175.292     	
1           20.3408     	-15.8731    	175.379     	
1           20.6939     	-14.9394    	175.32      	
1           20.9112     	-13.9633    	175.306     	
1           20.9923     	-12.9704    	175.394     	
1           20.8236     	-12.1753    	175.976     	
1           20.8743     	-11.2518    	176.356     	
1           21.0428     	-10.2931    	176.586     	
1           21.7325     	-9.60243    	176.803     	
1           22.4071     	-8.92304    	177.092     	
1           23.1665     	-8.37385    	177.44      	
1           23.6464     	-7.58864    	177.832     	
1           23.9088     	-6.7749     	178.351     	
1           24.0154     	-6.11152    	179.092     	
1           24.0266     	-5.26495    	179.623     	
1           23.9395     	-4.76937    	180.487     	
1           23.952      	-4.91555    	181.477     	
1           23.63       	-4.85819    	182.422     	
1           22.987      	-4.38774    	183.025     	
1           22.3238     	-4.05717    	183.697     	
1           22.1251     	-3.85161    	184.656     	
1           21.4252     	-3.4724     	185.261     	
1           20.6164     	-3.07935    	185.698     	
1           19.9487     	-2.36917    	185.919     	
1           19.2132     	-1.70838    	186.074     	
1           18.4401     	-1.1266     	185.822     	
1           17.9163     	-0.434806   	185.325     	
1           17.273      	0.215658    	184.92      	
1           16.3654     	0.634047    	184.893     	
1           15.3843     	0.823855    	184.925     	
1           14.5448     	1.33964     	185.095     	
1           13.5802     	1.31284     	185.358     	
1           12.6294     	1.03202     	185.491     	
1           11.8423     	0.708014    	186.016     	
1           10.9093     	0.683411    	186.373     	
1           10.1089     	0.420286    	186.912     	
1           9.1756      	0.521675    	187.257     	
1           8.39549     	0.33045     	187.852     	
1           7.62255     	0.0838942   	188.437     	
1           6.77023     	-0.0182554  	188.949     	
1           5.95582     	-0.143637   	189.515     	
1           5.17329     	-0.583307   	189.958     	
1           4.23603     	-0.756901   	190.258     	
1           3.6259      	-0.398006   	190.964     	
1           3.04048     	-0.115532   	191.725     	
1           2.43785     	-0.265645   	192.508     	
1           1.95174     	-0.670677   	193.283     	
1           1.9311      	-1.10232    	194.184     	
1           1.87956     	-1.63642    	195.028     	
1           2.06342     	-1.79506    	195.998     	
1           2.32929     	-2.18679    	196.879     	
1           3.21353     	-2.27247    	197.338     	
1           3.63942     	-2.90165    	197.987     	
1           4.12956     	-3.23876    	198.792     	
1           4.58293     	-3.47405    	199.652     	
1           5.13427     	-4.25604    	199.943     	
1           5.60274     	-4.96637    	200.467     	
1           5.90533     	-5.45193    	201.288     	
1           5.77669     	-6.23621    	201.894     	
1           6.12032     	-6.97873    	202.469     	
1           6.28114     	-7.95688    	202.609     	
1           5.76867     	-8.36303    	203.365     	
1           5.17218     	-8.7964     	204.041     	
1           4.5499      	-9.43354    	204.496     	
1           4.16606     	-10.2099    	204.995     	
1           3.5423      	-10.7257    	205.583     	
1           2.81688     	-11.088     	206.168     	
1           1.92816     	-11.2673    	206.59      	
1           1.38575     	-11.833     	207.211     	
1           0.982037    	-12.4184    	207.915     	
1           0.951375    	-13.2518    	208.464     	
1           0.927542    	-13.8295    	209.282     	
1           1.12445     	-14.2462    	210.168     	
1           1.56333     	-14.3726    	211.058     	
1           1.93285     	-14.988     	211.754     	
1           1.87543     	-15.4882    	212.618     	
1           1.32829     	-15.9952    	213.285     	
1           0.502501    	-16.3083    	213.754     	
1           -0.48049    	-16.451     	213.639     	
1           -1.4012     	-16.5974    	213.276     	
1           -2.34842    	-16.9118    	213.209     	
1           -3.2573     	-17.2503    	212.968     	
1           -3.91301    	-17.9691    	212.733     	
1           -4.41648    	-18.7844    	212.45      	
1           -4.76924    	-19.448     	211.79      	
1           -5.58415    	-19.8789    	211.403     	
1           -6.29819    	-20.1399    	210.754     	
1           -7.09698    	-20.4859    	210.261     	
1           -7.78536    	-20.694     	209.566     	
1           -8.30767    	-21.2971    	208.963     	
1           -9.00016    	-21.6914    	208.358     	
1           -9.55743    	-21.6896    	207.529     	
1           -10.2017    	-21.4139    	206.815     	
1           -10.9514    	-21.5102    	206.16      	
1           -11.7473    	-21.0566    	205.759     	
1           -12.1564    	-21.3395    	204.891     	
1           -11.8695    	-21.1898    	203.945     	
1           -11.7312    	-20.7553    	203.056     	
1           -11.4131    	-19.9222    	202.603     	
1           -11.0144    	-19.1225    	202.154     	
1           -10.975     	-18.1241    	202.209     	
1           -11.156     	-17.2375    	202.634     	
1           -11.1623    	-16.4001    	203.18      	
1           -11.4822    	-15.4528    	203.206     	
1           -11.5962    	-14.463     	203.129     	
1           -11.6564    	-13.4656    	203.16      	
1           -11.6101    	-12.5503    	203.562     	
1           -11.2269    	-11.6988    	203.919     	
1           -10.6748    	-10.891     	204.124     	
1           -9.76666    	-10.9391    	204.541     	
1           -8.94445    	-11.132     	205.075     	
1           -8.24971    	-11.8264    	205.268     	
1           -7.88702    	-12.7562    	205.209     	
1           -7.61429    	-13.6712    	205.505     	
1           -7.12584    	-14.526     	205.685     	
1           -6.89616    	-15.2654    	206.318     	
1           -6.49864    	-15.8119    	207.054     	
1           -6.14165    	-16.4894    	207.697     	
1           -5.84667    	-17.1783    	208.359     	
1           -6.0032     	-17.9226    	209.009     	
1           -5.71815    	-18.6924    	209.579     	
1           -5.4758     	-19.4927    	210.127     	
1           -4.99814    	-20.3084    	210.455     	
1           -4.91852    	-21.2659    	210.732     	
1           -4.76042    	-22.057     	211.322     	
1           -4.72751    	-22.8668    	211.908     	
1           -4.22845    	-23.1104    	212.74      	
1           -4.11348    	-23.3208    	213.711     	
1           -4.6749     	-23.2224    	214.532     	
1           -5.63955    	-23.3619    	214.755     	
1           -6.50229    	-23.7121    	215.12      	
1           -7.41722    	-23.7446    	215.523     	
1           -8.40787    	-23.7499    	215.656     	
1           -9.34559    	-23.4264    	215.525     	
1           -10.2797    	-23.1283    	215.72      	
1           -11.2378    	-22.879     	215.862     	
1           -12.0387    	-22.3572    	215.57      	
1           -12.8121    	-22.0481    	215.015     	
1           -13.5497    	-21.7027    	214.435     	
1           -13.8066    	-21.6506    	213.47      	
1           -13.8004    	-21.3138    	212.529     	
1           -13.6481    	-20.9886    	211.596     	
1           -14.0295    	-20.729     	210.708     	
1           -14.796     	-20.6569    	210.07      	
1           -15.7204    	-20.7845    	209.712     	
1           -16.6519    	-20.8158    	209.349     	
1           -17.4337    	-21.1604    	208.829     	
1           -18.4027    	-21.1466    	208.584     	
1           -19.2656    	-20.9174    	208.133     	
1           -20.0615    	-20.623     	207.604     	
1           -20.9383    	-20.5619    	207.128     	
1           -21.8246    	-20.903     	206.815     	
1           -22.6623    	-20.9684    	206.273     	
1           -23.4573    	-20.9704    	205.665     	
1           -24.2392    	-20.8753    	205.049     	
1           -25.1371    	-20.83      	204.612     	
1           -26.0472    	-20.5965    	204.269     	
1           -26.8739    	-20.2755    	203.807     	
1           -27.5472    	-20.2707    	203.068     	
1           -27.9407    	-19.9385    	202.21      	
1           -28.0705    	-19.251     	201.494     	
1           -28.4309    	-19.0014    	200.596     	
1           -28.4549    	-19.0193    	199.596     	
1           -28.427     	-19.0488    	198.597     	
1           -27.8855    	-19.1632    	197.765     	
1           -27.1559    	-19.062     	197.088     	
1           -26.4932    	-18.7084    	196.427     	
1           -26.0077    	-18.3627    	195.625     	
1           -25.4218    	-18.2183    	194.827     	
1           -24.8141    	-18.4464    	194.066     	
1           -24.1001    	-18.8309    	193.482     	
1           -23.1644    	-18.7796    	193.133     	
1           -22.2948    	-18.7214    	192.642     	
1           -21.4064    	-19.1731    	192.562     	
1           -20.7184    	-19.8948    	192.478     	
1           -20.3944    	-20.5801    	193.13      	
1           -20.3008    	-21.4964    	193.518     	
1           -20.7072    	-22.338     	193.875     	
1           -21.3225    	-23.0463    	194.221     	
1           -21.548     	-23.9028    	194.683     	
1           -21.3183    	-24.7467    	195.169     	
1           -21.6799    	-25.415     	195.82      	
1           -21.6708    	-25.7153    	196.774     	
1           -21.3503    	-26.2627    	197.546     	
1           -21.3991    	-26.5439    	198.505     	
1           -21.4449    	-26.8318    	199.461     	
1           -21.6058    	-27.4319    	200.246     	
1           -21.9748    	-28.107     	200.884     	
1           -22.539     	-28.7458    	201.406     	
1           -23.1694    	-29.3666    	201.873     	
1           -23.7013    	-29.7722    	202.616     	
1           -24.4019    	-29.8804    	203.322     	
1           -25.2407    	-30.1116    	203.816     	
1           -25.9205    	-30.4852    	204.446     	
1           -26.8003    	-30.7338    	204.85      	
1           -27.7971    	-30.6781    	204.79      	
1           -28.7185    	-30.3292    	204.96      	
1           -29.6699    	-30.0361    	204.866     	
1           -30.6554    	-29.88      	204.797     	
1           -31.6204    	-29.6213    	204.746     	
1           -32.5647    	-29.6031    	204.415     	
1           -33.4274    	-29.1817    	204.136     	
1           -34.2541    	-28.8593    	203.677     	
1           -35.1831    	-28.6189    	203.395     	
1           -35.8567    	-28.7651    	202.67      	
1           -36.4885    	-28.8928    	201.905     	
1           -36.6464    	-28.9602    	200.92      	
1           -36.3943    	-28.7783    	199.969     	
1           -36.1753    	-28.361     	199.088     	
1           -36.2318    	-28.1861    	198.104     	
1           -36.667     	-28.181     	197.205     	
1           -37.2408    	-28.4904    	196.447     	
1           -37.6481    	-28.944     	195.653     	
1           -37.4492    	-29.8274    	195.229     	
1           -37.207     	-30.7634    	194.973     	
1           -36.8382    	-31.6219    	194.618     	
1           -36.3229    	-32.0206    	193.859     	
1           -36.0625    	-32.7711    	193.252     	
1           -35.8248    	-33.5877    	192.726     	
1           -35.2151    	-34.3421    	192.482     	
1           -34.3169    	-34.7091    	192.239     	
1           -33.3172    	-34.7027    	192.23      	
1           -32.6602    	-34.8275    	192.973     	
1           -32.0248    	-35.3603    	193.531     	
1           -31.4628    	-35.6887    	194.291     	
1           -30.9741    	-36.1641    	195.023     	
1           -30.8763    	-36.2228    	196.016     	
1           -30.7965    	-36.5315    	196.964     	
1           -30.3318    	-37.0707    	197.666     	
1           -29.6682    	-37.508     	198.274     	
1           -28.8911    	-37.6548    	198.885     	
1           -28.3014    	-37.6314    	199.692     	
1           -27.5546    	-37.8928    	200.304     	
1           -27.0188    	-38.4844    	200.906     	
1           -26.5591    	-39.2249    	201.397     	
1           -25.8476    	-39.7659    	201.844     	
1           -25.2201    	-39.897     	202.612     	
1           -24.5126    	-40.2398    	203.231     	
1           -23.533     	-40.439     	203.205     	
1           -22.6194    	-40.7772    	202.979     	
1           -21.8781    	-40.5936    	202.334     	
1           -21.1452    	-40.4044    	201.68      	
1           -20.4723    	-40.3756    	200.941     	
1           -19.7481    	-40.5545    	200.276     	
1           -19.2099    	-40.8467    	199.484     	
1           -18.6339    	-40.9824    	198.678     	
1           -17.9193    	-41.3722    	198.097     	
1           -17.0546    	-41.5568    	197.631     	
1           -16.3551    	-42.0578    	197.121     	
1           -15.7005    	-42.3996    	196.447     	
1           -15.3966    	-42.7319    	195.554     	
1           -14.6674    	-42.8462    	194.879     	
1           -14.2699    	-42.7528    	193.967     	
1           -13.9009    	-42.8294    	193.04      	
1           -13.4481    	-43.1993    	192.229     	
1           -13.2314    	-43.5067    	191.302     	
1           -13.3144    	-43.7838    	190.346     	
1           -13.4104    	-43.9611    	189.366     	
1           -13.7374    	-43.5971    	188.493     	
1           -14.1843    	-43.0437    	187.791     	
1           -14.7597    	-42.372     	187.324     	
1           -15.0619    	-41.4795    	186.99      	
1           -15.39      	-40.5886    	186.677     	
1           -15.7646    	-39.703     	186.403     	
1           -15.7424    	-38.7116    	186.269     	
1           -15.6986    	-37.7168    	186.343     	
1           -15.5178    	-36.8371    	186.785     	
1           -15.3919    	-36.1882    	187.536     	
1           -14.9838    	-35.7271    	188.323     	
1           -14.8563    	-35.6986    	189.314     	
1           -14.7673    	-35.8132    	190.305     	
1           -14.7322    	-35.6961    	191.297     	
1           -14.4796    	-35.8531    	192.252     	
1           -14.1703    	-36.0518    	193.181     	
1           -13.5014    	-36.4566    	193.804     	
1           -12.6368    	-36.96      	193.783     	
1           -11.9083    	-37.3342    	193.209     	
1           -11.3864    	-37.5972    	192.397     	
1           -10.7082    	-38.1505    	191.915     	
1           -10.1556    	-38.9497    	191.679     	
1           -9.96524    	-39.7404    	191.096     	
1           -9.77656    	-40.3335    	190.313     	
1           -9.09988    	-40.5706    	189.615     	
1           -8.4762     	-40.3439    	188.868     	
1           -7.89471    	-39.9247    	188.17      	
1           -7.17671    	-39.5216    	187.604     	
1           -6.40246    	-39.4675    	186.973     	
1           -5.64076    	-39.4279    	186.325     	
1           -4.76417    	-38.975     	186.163     	
1           -3.89759    	-38.582     	186.47      	
1           -3.06062    	-38.1271    	186.773     	
1           -2.17748    	-37.6875    	186.608     	
1           -1.31217    	-37.2178    	186.432     	
1           -0.596634   	-36.9124    	185.803     	
1           0.0317558   	-36.6717    	185.064     	
1           0.587026    	-36.221     	184.364     	
1           0.85896     	-35.7059    	183.552     	
1           1.01019     	-35.2267    	182.687     	
1           1.21835     	-35.34      	181.715     	
1           1.82872     	-35.6366    	180.982     	
1           2.4193      	-35.8546    	180.205     	
1           2.99875     	-36.0206    	179.407     	
1           3.64362     	-36.648     	178.97      	
1           4.22474     	-37.0959    	178.291     	
1           4.68266     	-37.3828    	177.45      	
1           4.8128      	-37.8282    	176.564     	
1           5.06038     	-38.0505    	175.621     	
1           5.019       	-38.4129    	174.689     	
1           4.77497     	-38.3667    	173.721     	
1           4.38823     	-38.3142    	172.8       	
1           4.15347     	-38.0213    	171.874     	
1           3.76456     	-37.8706    	170.965     	
1           3.11697     	-37.7941    	170.206     	
1           2.16821     	-37.8201    	169.891     	
1           1.1977      	-37.6703    	169.699     	
1           0.208568    	-37.5392    	169.632     	
1           -0.750531   	-37.597     	169.909     	
1           -1.64565    	-38.0199    	170.046     	
1           -2.33913    	-38.5586    	170.524     	
1           -2.49463    	-39.4183    	171.01      	
1           -2.77607    	-40.1956    	171.573     	
1           -2.82619    	-40.9254    	172.256     	
1           -2.49208    	-41.5395    	172.97      	
1           -2.17199    	-42.2293    	173.621     	
1           -1.87474    	-42.6824    	174.46      	
1           -1.51961    	-43.5934    	174.67      	
1           -1.05717    	-44.4762    	174.587     	
1           -0.743038   	-45.3331    	174.997     	
1           -0.853187   	-46.2122    	175.46      	
1           -1.04981    	-47.0799    	175.917     	
1           -1.10066    	-47.9154    	176.464     	
1           -1.06588    	-48.7482    	177.016     	
1           -1.35874    	-49.4324    	177.684     	
1           -1.32941    	-50.1725    	178.357     	
1           -1.57711    	-51.055     	178.755     	
1           -2.18115    	-51.6488    	179.288     	
1           -2.37708    	-52.2673    	180.048     	
1           -2.6913     	-52.4088    	180.987     	
1           -3.30361    	-51.7878    	181.476     	
1           -3.98369    	-51.1484    	181.835     	
1           -4.62134    	-50.4268    	182.103     	
1           -5.1738     	-49.7556    	182.598     	
1           -5.55998    	-48.8443    	182.737     	
1           -5.83738    	-48.3224    	183.544     	
1           -5.53181    	-48.2976    	184.495     	
1           -4.9985     	-48.6152    	185.28      	
1           -4.75671    	-48.6991    	186.246     	
1           -4.45426    	-48.7898    	187.195     	
1           -4.24243    	-48.7112    	188.169     	
1           -4.82441    	-49.234     	188.793     	
1           -5.39915    	-49.3536    	189.602     	
1           -5.55197    	-49.5065    	190.578     	
1           -6.10448    	-49.7032    	191.389     	
1           -6.5703     	-49.4218    	192.228     	
1           -7.11153    	-49.2266    	193.045     	
1           -7.46466    	-49.1511    	193.978     	
1           -7.86132    	-48.8268    	194.837     	
1           -7.89063    	-48.7585    	195.834     	
1           -7.77733    	-48.4825    	196.788     	
1           -7.60259    	-47.9311    	197.604     	
1           -7.24927    	-47.0225    	197.829     	
1           -6.81734    	-46.1214    	197.861     	
1           -6.06221    	-45.4683    	197.925     	
1           -5.71229    	-44.57      	198.187     	
1           -5.3957     	-43.7687    	198.696     	
1           -5.01723    	-42.8669    	198.903     	
1           -4.76399    	-41.9951    	199.324     	
1           -4.52367    	-41.1623    	199.822     	
1           -4.62131    	-40.4237    	200.489     	
1           -5.06422    	-39.689     	201.002     	
1           -5.20876    	-38.8035    	201.444     	
1           -5.82266    	-38.0143    	201.468     	
1           -6.28858    	-37.1342    	201.374     	
1           -6.95884    	-36.4149    	201.557     	
1           -7.563      	-35.6461    	201.766     	
1           -8.38228    	-35.0973    	201.936     	
1           -9.27215    	-34.6748    	202.108     	
1           -9.99953    	-34.0075    	201.948     	
1           -10.7142    	-33.3202    	201.819     	
1           -11.1886    	-32.4776    	202.076     	
1           -11.778     	-31.6763    	201.981     	
1           -12.6781    	-31.2405    	201.949     	
1           -13.6043    	-30.8651    	201.916     	
1           -14.1499    	-30.0549    	202.131     	
1           -14.877     	-29.374     	202.047     	
1           -15.3583    	-28.5135    	201.88      	
1           -15.8289    	-27.6475    	202.05      	
1           -16.586     	-27.0299    	202.261     	
1           -17.339     	-26.8426    	202.892     	
1           -17.7212    	-27.1258    	203.772     	
1           -18.1964    	-27.1245    	204.651     	
1           -18.4691    	-27.461     	205.553     	
1           -18.8268    	-28.0842    	206.248     	
1           -19.2065    	-28.6096    	207.009     	
1           -19.14      	-28.4148    	207.989     	
1           -18.7498    	-28.3729    	208.909     	
1           -18.1897    	-27.9529    	209.622     	
1           -17.3552    	-27.5842    	210.033     	
1           -16.5394    	-27.0352    	210.211     	
1           -15.8974    	-26.2696    	210.26      	
1           -15.085     	-25.908     	209.803     	
1           -14.3862    	-25.3087    	209.412     	
1           -13.9353    	-24.5221    	208.992     	
1           -13.4607    	-23.8097    	208.475     	
