1000

1           14.34       	65.9556     	340.079     	
1           14.8817     	65.7782     	340.901     	
1           15.6539     	65.8349     	340.268     	
1           16.2076     	66.6687     	340.258     	
1           16.7865     	67.2481     	339.687     	
1           17.3847     	67.8658     	339.177     	
1           18.2363     	68.3912     	339.2       	
1           19.1558     	68.6204     	339.519     	
1           19.966      	68.5683     	340.102     	
1           20.5272     	69.1472     	340.693     	
1           21.1879     	69.4995     	341.357     	
1           22.0213     	69.7211     	341.863     	
1           22.7976     	70.0302     	342.413     	
1           23.6138     	70.3895     	342.866     	
1           24.3882     	70.7176     	343.405     	
1           25.354      	70.5512     	343.602     	
1           26.2518     	70.3373     	343.989     	
1           27.1701     	70.0403     	344.251     	
1           28.1221     	69.9345     	343.964     	
1           29.0968     	69.8059     	343.784     	
1           29.9993     	69.695      	343.367     	
1           30.588      	69.3319     	342.644     	
1           30.6399     	69.3318     	341.645     	
1           30.9996     	68.9195     	340.808     	
1           31.3903     	68.766      	339.901     	
1           31.7415     	68.6295     	338.974     	
1           32.2249     	68.8865     	338.137     	
1           32.5584     	69.1246     	337.226     	
1           32.8173     	69.1771     	336.261     	
1           33.3354     	69.5933     	335.513     	
1           34.0677     	70.0907     	335.049     	
1           34.9386     	70.5813     	335.09      	
1           35.6937     	71.1054     	335.484     	
1           36.2726     	71.7567     	335.974     	
1           37.036      	72.2611     	336.379     	
1           37.7996     	72.822      	336.7       	
1           38.7337     	73.0826     	336.939     	
1           39.5        	73.4622     	337.459     	
1           40.3088     	73.8974     	337.855     	
1           41.1571     	74.3266     	338.163     	
1           42.1173     	74.3429     	338.445     	
1           42.8413     	75.0189     	338.316     	
1           43.4795     	75.5351     	338.888     	
1           44.4513     	75.7685     	338.917     	
1           45.4146     	76.0171     	339.014     	
1           46.3788     	75.7613     	338.933     	
1           47.3691     	75.6416     	338.99      	
1           48.269      	75.72       	338.561     	
1           49.1351     	75.7712     	338.064     	
1           50.0786     	75.8539     	337.744     	
1           50.8907     	75.363      	337.424     	
1           51.5851     	74.9574     	336.83      	
1           52.2693     	74.7993     	336.119     	
1           53.1505     	74.678      	335.66      	
1           54.1487     	74.6868     	335.633     	
1           55.1128     	74.4565     	335.765     	
1           56.0333     	74.3596     	335.384     	
1           56.887      	74.8354     	335.172     	
1           57.7136     	75.2042     	334.749     	
1           58.5827     	75.4486     	334.316     	
1           59.2412     	75.8403     	333.675     	
1           59.9914     	76.3031     	333.202     	
1           60.4557     	77.0427     	332.715     	
1           61.023      	77.2775     	331.927     	
1           61.4028     	77.2603     	331.001     	
1           62.1885     	77.757      	330.633     	
1           62.7955     	78.4631     	330.268     	
1           63.4431     	79.0521     	329.785     	
1           64.3141     	79.4941     	329.572     	
1           64.9077     	80.2761     	329.383     	
1           65.3257     	81.1433     	329.111     	
1           65.5414     	82.1084     	328.96      	
1           65.5917     	83.1035     	329.05      	
1           65.378      	84.078      	329.106     	
1           64.6065     	84.6873     	328.92      	
1           64.2951     	85.2892     	329.655     	
1           64.3961     	85.8854     	330.453     	
1           64.2697     	86.725      	330.981     	
1           63.6788     	87.2346     	331.605     	
1           62.9918     	87.9556     	331.696     	
1           62.4864     	88.7908     	331.481     	
1           61.5836     	89.1741     	331.68      	
1           60.6506     	89.3176     	332.011     	
1           59.7406     	89.6153     	332.295     	
1           58.8577     	89.8233     	332.719     	
1           58.0068     	90.0205     	333.205     	
1           57.4037     	90.3568     	333.927     	
1           57.0737     	90.8394     	334.739     	
1           56.7012     	91.5544     	335.332     	
1           56.3229     	91.746      	336.238     	
1           55.5603     	91.3231     	336.726     	
1           54.8507     	90.9045     	337.294     	
1           54.2932     	90.2945     	337.856     	
1           53.9734     	89.6932     	338.589     	
1           53.6466     	89.5636     	339.525     	
1           53.3956     	89.8288     	340.457     	
1           52.6974     	90.1693     	341.085     	
1           52.1055     	90.4698     	341.834     	
1           51.2129     	90.79       	342.15      	
1           50.5437     	90.981      	342.868     	
1           49.8386     	91.2907     	343.505     	
1           49.2651     	91.3278     	344.323     	
1           48.5051     	91.4656     	344.96      	
1           47.905      	92.0476     	345.509     	
1           47.028      	92.3112     	345.908     	
1           46.3133     	92.3577     	345.209     	
1           45.7813     	92.4097     	344.366     	
1           45.1479     	92.4614     	343.592     	
1           44.5454     	92.3995     	342.797     	
1           44.2307     	92.3517     	341.85      	
1           44.1439     	92.7        	340.915     	
1           43.9232     	92.6987     	339.94      	
1           43.1065     	92.9695     	339.43      	
1           42.1105     	92.923      	339.355     	
1           41.2223     	93.3587     	339.501     	
1           40.4832     	93.9252     	339.865     	
1           39.8968     	94.6155     	340.289     	
1           39.97       	95.2365     	341.069     	
1           40.1112     	95.8313     	341.862     	
1           39.7691     	96.5841     	342.423     	
1           39.1577     	97.3663     	342.54      	
1           38.394      	98.005      	342.439     	
1           37.8683     	98.8213     	342.677     	
1           37.214      	99.5729     	342.592     	
1           36.5436     	100.315     	342.62      	
1           36.1113     	101.211     	342.528     	
1           35.6429     	101.883     	341.954     	
1           34.9085     	102.262     	341.39      	
1           34.1993     	102.775     	340.909     	
1           33.213      	102.782     	340.741     	
1           32.2824     	102.896     	340.39      	
1           31.3439     	102.604     	340.214     	
1           30.4057     	102.391     	340.488     	
1           29.4461     	102.187     	340.684     	
1           28.5277     	101.792     	340.67      	
1           27.5508     	101.999     	340.627     	
1           26.5861     	101.96      	340.365     	
1           25.6574     	101.883     	340.003     	
1           24.9465     	101.587     	339.364     	
1           24.315      	100.894     	339.016     	
1           23.4859     	100.415     	338.731     	
1           22.71       	99.8471     	338.453     	
1           22.3558     	98.9568     	338.168     	
1           21.845      	98.2349     	337.7       	
1           21.2446     	97.6151     	337.196     	
1           21.0145     	96.7901     	336.678     	
1           20.753      	95.9316     	336.237     	
1           20.9475     	94.9541     	336.164     	
1           21.18       	94.0332     	335.85      	
1           20.9405     	93.0958     	335.599     	
1           21.1542     	92.1641     	335.304     	
1           21.175      	91.1699     	335.197     	
1           21.2735     	90.3831     	334.587     	
1           21.6558     	89.7967     	333.874     	
1           21.8162     	89.3418     	332.996     	
1           21.6998     	88.9134     	332.101     	
1           21.5704     	88.2526     	331.362     	
1           21.7983     	88.2723     	330.388     	
1           21.8858     	88.0886     	329.409     	
1           21.8462     	88.1995     	328.416     	
1           21.5325     	88.2386     	327.467     	
1           20.9156     	88.4917     	326.724     	
1           20.155      	88.605      	326.084     	
1           19.5399     	88.668      	325.298     	
1           18.9463     	88.4768     	324.516     	
1           18.4837     	88.4786     	323.63      	
1           17.781      	88.5505     	322.922     	
1           17.2756     	88.5914     	322.059     	
1           16.5443     	88.6035     	321.377     	
1           15.8796     	88.9663     	320.725     	
1           15.0982     	89.0648     	320.109     	
1           14.2154     	88.7308     	319.777     	
1           13.4528     	88.1679     	319.461     	
1           12.6064     	87.6347     	319.463     	
1           11.7249     	87.1801     	319.592     	
1           10.9203     	86.6062     	319.743     	
1           10.4114     	85.7454     	319.735     	
1           9.9705      	84.8492     	319.793     	
1           9.8281      	83.87       	319.931     	
1           9.70224     	83.105      	320.563     	
1           9.56358     	82.3141     	321.159     	
1           9.07699     	81.8354     	321.89      	
1           8.49168     	81.6185     	322.671     	
1           8.25695     	81.2759     	323.581     	
1           7.95828     	80.6485     	324.299     	
1           7.78147     	80.04       	325.074     	
1           7.94987     	79.311      	325.736     	
1           7.99631     	78.7658     	326.573     	
1           7.92084     	78.3962     	327.499     	
1           8.26627     	78.2208     	328.421     	
1           8.99173     	77.8197     	328.982     	
1           9.82249     	77.7833     	329.537     	
1           10.3285     	77.6109     	330.382     	
1           10.329      	77.1241     	331.257     	
1           9.78694     	76.7152     	331.99      	
1           9.33255     	75.8422     	332.163     	
1           9.05753     	75.0929     	332.766     	
1           8.73175     	74.4166     	333.428     	
1           8.64754     	73.7425     	334.16      	
1           8.80479     	72.9243     	334.714     	
1           8.80495     	72.1806     	335.38      	
1           8.91534     	71.3442     	335.919     	
1           9.06333     	70.393      	336.193     	
1           9.49796     	69.5229     	336.423     	
1           9.91575     	68.6514     	336.166     	
1           10.5909     	67.9522     	335.933     	
1           11.2216     	67.2655     	336.294     	
1           11.8842     	66.8229     	336.901     	
1           12.6885     	66.373      	337.288     	
1           13.5767     	66.0181     	337.579     	
1           14.1556     	65.2715     	337.908     	
1           15.0943     	64.9754     	338.078     	
1           15.8948     	64.3982     	338.238     	
1           16.716      	64.0283     	338.672     	
1           17.7039     	64.0488     	338.829     	
1           18.6168     	63.7597     	339.118     	
1           19.3172     	64.2584     	339.626     	
1           20.1778     	64.4807     	340.086     	
1           20.8536     	64.7299     	340.781     	
1           21.4814     	64.6332     	341.554     	
1           22.3031     	64.7598     	342.109     	
1           23.1878     	65.0942     	342.432     	
1           23.8575     	64.9853     	343.165     	
1           24.6568     	65.0021     	343.767     	
1           25.2069     	65.2222     	344.572     	
1           25.9947     	65.5475     	345.096     	
1           26.8883     	65.6045     	345.542     	
1           27.8567     	65.425      	345.374     	
1           28.6801     	65.1187     	345.852     	
1           29.2264     	65.0954     	346.691     	
1           29.8356     	65.7288     	347.167     	
1           30.3546     	66.581      	347.239     	
1           30.836      	67.4569     	347.217     	
1           31.4849     	68.2183     	347.185     	
1           32.1619     	68.8736     	347.519     	
1           32.8246     	69.4388     	348.009     	
1           32.8756     	70.3641     	348.386     	
1           32.7661     	71.1451     	349         	
1           33.255      	71.6532     	349.709     	
1           33.4998     	72.4847     	350.207     	
1           33.3002     	73.2798     	350.781     	
1           33.274      	74.2756     	350.862     	
1           33.1079     	75.2615     	350.841     	
1           33.6309     	76.1131     	350.807     	
1           33.9264     	76.8522     	350.203     	
1           34.0957     	77.1054     	349.25      	
1           34.6369     	77.0718     	348.408     	
1           35.0526     	77.2329     	347.515     	
1           35.4726     	77.5167     	346.653     	
1           35.8685     	78.1646     	346         	
1           36.0565     	79.0757     	345.635     	
1           36.0381     	80.0159     	345.298     	
1           35.7677     	80.9224     	344.972     	
1           35.7466     	81.8426     	344.579     	
1           35.4961     	82.613      	343.994     	
1           35.5121     	83.1694     	343.164     	
1           35.6334     	83.9834     	342.596     	
1           35.5063     	84.6517     	341.861     	
1           35.3631     	85.108      	340.984     	
1           35.0608     	85.4742     	340.103     	
1           34.9134     	85.9382     	339.229     	
1           35.1018     	86.745      	338.671     	
1           35.0659     	87.6505     	338.247     	
1           35.2997     	88.5457     	337.867     	
1           35.2043     	89.5244     	337.691     	
1           34.9177     	90.3907     	338.098     	
1           34.2936     	91.1063     	338.417     	
1           33.7547     	91.9399     	338.303     	
1           33.1168     	92.653      	338.012     	
1           32.4439     	92.9093     	337.317     	
1           31.6228     	93.2285     	336.845     	
1           30.8901     	93.6499     	336.31      	
1           30.2155     	94.1291     	335.749     	
1           29.5704     	94.6992     	335.239     	
1           29.3167     	95.6116     	334.917     	
1           28.9153     	96.4402     	335.306     	
1           28.4755     	97.3087     	335.078     	
1           28.1476     	98.1985     	334.758     	
1           27.7545     	99.1082     	334.882     	
1           27.6919     	100.086     	334.68      	
1           27.8762     	101.06      	334.802     	
1           27.2131     	101.811     	334.839     	
1           26.7123     	102.52      	335.333     	
1           26.0529     	102.853     	336.008     	
1           25.333      	103.294     	336.542     	
1           24.8539     	104.17      	336.601     	
1           24.183      	104.891     	336.427     	
1           23.5479     	105.624     	336.179     	
1           22.6806     	106.087     	336.003     	
1           21.7211     	106.3       	336.185     	
1           21.0217     	106.843     	336.65      	
1           20.8842     	107.766     	337.011     	
1           20.9493     	108.72      	337.306     	
1           20.7229     	109.52      	337.861     	
1           20.3514     	110.389     	338.188     	
1           20.0937     	111.332     	338.401     	
1           20.2268     	112.317     	338.506     	
1           20.756      	113.162     	338.579     	
1           20.663      	114.148     	338.433     	
1           20.6853     	115.113     	338.177     	
1           20.5454     	115.995     	337.726     	
1           20.5584     	116.935     	337.385     	
1           20.413      	117.831     	336.967     	
1           20.154      	118.612     	336.396     	
1           20.157      	119.346     	335.719     	
1           20.4134     	119.907     	334.932     	
1           20.807      	119.914     	334.013     	
1           21.0739     	119.854     	333.051     	
1           21.4281     	120.067     	332.139     	
1           21.4173     	120.061     	331.14      	
1           21.1236     	120.43      	330.259     	
1           20.5138     	120.813     	329.563     	
1           19.7709     	120.946     	328.908     	
1           19.3152     	120.993     	328.019     	
1           18.9009     	120.648     	327.176     	
1           18.4701     	120.663     	326.275     	
1           17.7796     	121.12      	325.712     	
1           17.5773     	122.079     	325.522     	
1           17.5668     	122.915     	324.973     	
1           17.2882     	123.808     	324.619     	
1           16.608      	124.42      	324.216     	
1           15.7216     	124.738     	323.875     	
1           14.813      	124.86      	323.477     	
1           13.8792     	124.94      	323.126     	
1           12.8856     	125.013     	323.189     	
1           11.9334     	125.065     	323.494     	
1           11.0804     	125.212     	323.994     	
1           10.4719     	125.065     	324.772     	
1           9.4734      	125.079     	324.838     	
1           8.47394     	125.104     	324.802     	
1           7.61459     	124.807     	325.22      	
1           6.85102     	124.365     	325.688     	
1           6.26686     	123.983     	326.403     	
1           5.50961     	123.36      	326.6       	
1           4.96079     	122.524     	326.639     	
1           4.76805     	121.544     	326.576     	
1           4.46524     	120.646     	326.893     	
1           4.82143     	119.776     	327.234     	
1           5.13331     	118.876     	327.54      	
1           5.31686     	117.917     	327.749     	
1           5.61955     	116.974     	327.882     	
1           5.87445     	116.17      	328.422     	
1           6.26135     	115.445     	328.991     	
1           6.47894     	114.526     	329.322     	
1           6.81217     	113.787     	329.907     	
1           7.17253     	112.887     	330.152     	
1           7.18499     	111.888     	330.183     	
1           7.03518     	110.945     	329.886     	
1           6.91157     	110.088     	329.385     	
1           6.86285     	109.095     	329.488     	
1           6.67197     	108.298     	328.912     	
1           6.48479     	107.649     	328.176     	
1           5.97459     	107.169     	327.462     	
1           5.29634     	106.434     	327.496     	
1           5.14622     	105.457     	327.64      	
1           5.39314     	104.509     	327.839     	
1           5.18809     	103.532     	327.919     	
1           4.87931     	102.593     	327.776     	
1           4.50846     	101.663     	327.791     	
1           4.33886     	100.682     	327.723     	
1           4.25468     	99.7456     	328.067     	
1           4.35303     	98.7561     	328.167     	
1           4.7839      	97.8749     	327.975     	
1           4.91225     	96.9078     	327.755     	
1           4.75173     	95.9308     	327.613     	
1           4.86843     	94.9439     	327.504     	
1           5.3257      	94.0536     	327.505     	
1           6.18211     	93.5563     	327.37      	
1           7.06947     	93.1323     	327.552     	
1           7.89888     	92.6305     	327.798     	
1           8.71621     	92.0798     	327.627     	
1           9.27316     	91.2488     	327.624     	
1           9.70863     	90.4008     	327.92      	
1           10.2496     	89.7255     	328.424     	
1           10.6761     	89.0332     	329.006     	
1           10.8968     	88.5223     	329.837     	
1           11.1314     	87.6812     	330.323     	
1           11.3065     	86.7004     	330.24      	
1           11.274      	85.7045     	330.325     	
1           11.339      	84.7114     	330.429     	
1           10.9883     	83.8175     	330.155     	
1           10.994      	82.8217     	330.258     	
1           11.4127     	81.9548     	330.527     	
1           12.1123     	81.2461     	330.436     	
1           12.6268     	80.5206     	329.979     	
1           13.1275     	80.0301     	329.265     	
1           13.7668     	79.7902     	328.536     	
1           13.8        	79.3977     	327.616     	
1           14.2851     	78.9474     	326.866     	
1           14.8478     	79.045      	326.046     	
1           14.9752     	79.1987     	325.066     	
1           15.2731     	79.1786     	324.111     	
1           15.5166     	78.6998     	323.268     	
1           15.8372     	77.968      	322.667     	
1           16.5218     	77.5675     	322.058     	
1           17.1912     	77.2063     	321.408     	
1           17.6166     	77.2938     	320.508     	
1           18.058      	77.5149     	319.638     	
1           18.5382     	78.0461     	318.94      	
1           18.9164     	78.7229     	318.308     	
1           19.3266     	79.1918     	317.526     	
1           20.1081     	79.4516     	316.959     	
1           21.019      	79.7717     	316.699     	
1           21.863      	79.4443     	316.274     	
1           22.6013     	79.2193     	315.638     	
1           23.4584     	79.1431     	315.128     	
1           23.801      	78.5353     	314.412     	
1           24.4223     	78.1754     	313.716     	
1           25.2307     	77.8248     	313.243     	
1           26.0607     	77.8684     	312.687     	
1           26.7401     	78.1055     	311.993     	
1           26.9553     	78.6025     	311.152     	
1           27.3187     	78.9194     	310.276     	
1           27.1469     	79.5399     	309.511     	
1           26.6421     	79.6207     	308.651     	
1           25.9212     	80.1862     	308.251     	
1           25.2451     	80.7779     	307.812     	
1           24.501      	81.4316     	307.95      	
1           23.5222     	81.5924     	308.077     	
1           22.659      	82.011      	308.359     	
1           21.7769     	82.3546     	308.682     	
1           21.4562     	83.0656     	309.308     	
1           21.0558     	83.6217     	310.036     	
1           20.7094     	83.8572     	310.944     	
1           20.5663     	84.0029     	311.923     	
1           20.5295     	84.0301     	312.922     	
1           20.088      	83.9457     	313.815     	
1           19.5155     	83.6198     	314.568     	
1           18.8121     	83.5067     	315.269     	
1           17.9673     	83.6263     	315.791     	
1           17.7598     	84.2818     	316.517     	
1           17.5977     	85.1767     	316.933     	
1           17.4786     	86.1483     	317.137     	
1           17.0829     	86.7204     	317.856     	
1           16.481      	87.5028     	318.016     	
1           16.1792     	88.4543     	318.074     	
1           15.9669     	89.4068     	317.856     	
1           16.2557     	90.3402     	317.643     	
1           16.9628     	90.7263     	317.051     	
1           17.395      	90.9824     	316.186     	
1           18.0329     	91.0601     	315.42      	
1           18.9124     	91.5138     	315.277     	
1           19.3083     	92.416      	315.105     	
1           19.2282     	93.4117     	315.153     	
1           19.1056     	94.2784     	315.637     	
1           19.5421     	94.7579     	316.398     	
1           19.8731     	95.3914     	317.098     	
1           19.9129     	95.1623     	318.07      	
1           20.0335     	95.0989     	319.061     	
1           20.0968     	95.04       	320.057     	
1           20.1062     	94.6386     	320.973     	
1           20.387      	94.2783     	321.862     	
1           21.0105     	93.634      	322.305     	
1           21.6133     	92.9197     	322.661     	
1           22.0715     	92.1455     	323.097     	
1           22.5316     	91.2714     	323.254     	
1           22.9679     	90.3719     	323.278     	
1           23.1129     	89.4256     	322.989     	
1           23.6047     	88.6009     	322.71      	
1           23.7228     	87.6482     	322.43      	
1           23.8507     	86.839      	321.856     	
1           23.9894     	85.9397     	321.441     	
1           23.7395     	84.9734     	321.38      	
1           23.3456     	84.0622     	321.259     	
1           22.5046     	83.5349     	321.379     	
1           21.6405     	83.5073     	320.877     	
1           20.8094     	83.7331     	320.368     	
1           19.9238     	84.1046     	320.09      	
1           18.9802     	84.1016     	319.759     	
1           18.1588     	83.9999     	319.197     	
1           17.5115     	83.7686     	318.471     	
1           16.566      	83.5287     	318.251     	
1           15.6353     	83.1761     	318.154     	
1           14.9938     	82.6864     	317.563     	
1           14.3934     	82.1802     	316.944     	
1           13.8028     	81.3753     	316.888     	
1           13.3287     	80.6106     	317.324     	
1           13.01       	79.7003     	317.588     	
1           12.4105     	78.9001     	317.569     	
1           11.9091     	78.1025     	317.904     	
1           11.7843     	77.2149     	318.347     	
1           11.2408     	76.4107     	318.588     	
1           10.7436     	75.7364     	319.134     	
1           10.2197     	75.2566     	319.838     	
1           9.6626      	74.8266     	320.548     	
1           8.92093     	74.3141     	320.981     	
1           8.32341     	74.0349     	321.733     	
1           7.77452     	74.0141     	322.568     	
1           7.54354     	73.9872     	323.541     	
1           7.09096     	73.6566     	324.369     	
1           6.40155     	73.0648     	324.787     	
1           5.78646     	72.2778     	324.738     	
1           5.2467      	71.4509     	324.896     	
1           4.42403     	70.9061     	325.058     	
1           3.94094     	70.0561     	324.848     	
1           3.70065     	69.0936     	324.723     	
1           2.85803     	68.5626     	324.813     	
1           1.89025     	68.3192     	324.877     	
1           1.20602     	68.7528     	325.463     	
1           0.606171    	69.4386     	325.875     	
1           -0.076621   	69.8815     	326.456     	
1           -0.865631   	69.7147     	327.048     	
1           -1.439      	69.7904     	327.863     	
1           -2.02174    	69.9138     	328.667     	
1           -2.22543    	70.0021     	329.642     	
1           -1.97005    	70.2585     	330.574     	
1           -2.01031    	70.4894     	331.546     	
1           -1.65781    	70.8043     	332.427     	
1           -1.2574     	71.102      	333.294     	
1           -0.502556   	71.2108     	333.941     	
1           0.257825    	71.2998     	334.584     	
1           0.976538    	71.9334     	334.87      	
1           1.80585     	72.4744     	335.01      	
1           2.60707     	72.8728     	335.456     	
1           3.3616      	73.3941     	335.855     	
1           4.09975     	73.8762     	336.327     	
1           5.01697     	74.2293     	336.511     	
1           5.70096     	74.9298     	336.715     	
1           6.48989     	75.5272     	336.571     	
1           7.18409     	76.2442     	336.634     	
1           7.88604     	76.5989     	337.251     	
1           8.07936     	77.0429     	338.126     	
1           7.98301     	77.5503     	338.983     	
1           8.23332     	77.8543     	339.902     	
1           8.18345     	78.0084     	340.888     	
1           8.45012     	78.3606     	341.786     	
1           8.71174     	78.7272     	342.678     	
1           9.36721     	78.7179     	343.434     	
1           9.66957     	78.5081     	344.363     	
1           9.83066     	77.8914     	345.134     	
1           9.56428     	77.1871     	345.792     	
1           9.2944      	76.7962     	346.672     	
1           9.43843     	76.1688     	347.437     	
1           9.60226     	75.453      	348.116     	
1           9.88684     	74.9508     	348.933     	
1           10.2377     	74.2114     	349.507     	
1           10.4644     	73.6307     	350.289     	
1           10.8878     	73.0293     	350.967     	
1           11.2924     	72.659      	351.803     	
1           12.2063     	72.7521     	352.198     	
1           13.1058     	73.1716     	352.32      	
1           13.8523     	73.7702     	352.03      	
1           14.671      	74.2451     	352.352     	
1           15.0173     	74.4324     	353.272     	
1           15.5657     	74.8326     	354.006     	
1           15.8071     	75.7677     	354.265     	
1           16.0387     	76.7376     	354.34      	
1           16.2531     	77.5185     	353.753     	
1           16.2072     	78.416      	353.314     	
1           15.9875     	79.1055     	352.624     	
1           15.7317     	79.4195     	351.71      	
1           15.1942     	79.9187     	351.03      	
1           15.1005     	80.6133     	350.317     	
1           14.8472     	81.1426     	349.507     	
1           14.9183     	81.2068     	348.512     	
1           15.491      	81.2951     	347.697     	
1           16.1078     	81.6604     	347         	
1           16.6446     	82.1161     	346.289     	
1           17.1208     	82.7158     	345.646     	
1           17.3369     	83.0949     	344.747     	
1           17.6493     	83.6054     	343.945     	
1           17.9888     	83.7942     	343.024     	
1           18.5056     	84.1036     	342.226     	
1           19.0644     	84.111      	341.396     	
1           19.4486     	84.0049     	340.479     	
1           19.7007     	83.4151     	339.712     	
1           19.8975     	83.1768     	338.761     	
1           19.9076     	82.5092     	338.017     	
1           19.391      	82.1903     	337.222     	
1           18.7229     	81.8971     	336.538     	
1           17.8532     	81.8228     	336.05      	
1           16.9482     	81.8611     	335.627     	
1           16.001      	81.5706     	335.49      	
1           15.1118     	81.2807     	335.844     	
1           14.196      	81.0594     	336.179     	
1           13.5741     	80.3788     	336.567     	
1           13.0975     	79.9881     	337.354     	
1           13.137      	79.6671     	338.301     	
1           13.1331     	79.5907     	339.298     	
1           12.9379     	79.3862     	340.257     	
1           13.0038     	78.7051     	340.986     	
1           13.3966     	77.8881     	341.408     	
1           14.1438     	77.3288     	341.767     	
1           15.1345     	77.2144     	341.695     	
1           16.1249     	77.3343     	341.627     	
1           16.9953     	77.7473     	341.359     	
1           17.0878     	78.4805     	340.685     	
1           16.9821     	79.422      	340.365     	
1           17.168      	80.3977     	340.48      	
1           17.2777     	81.3179     	340.856     	
1           17.2826     	81.7707     	341.748     	
1           17.6768     	81.9302     	342.653     	
1           17.9912     	81.8701     	343.6       	
1           18.3424     	81.6399     	344.508     	
1           18.4732     	80.956      	345.225     	
1           18.7458     	80.103      	345.67      	
1           19.1027     	79.3708     	346.25      	
1           19.5197     	78.7543     	346.918     	
1           19.901      	78.1764     	347.64      	
1           20.2357     	77.7572     	348.484     	
1           20.7609     	77.5536     	349.31      	
1           20.9305     	77.1827     	350.223     	
1           21.0924     	76.4159     	350.844     	
1           21.0677     	75.7912     	351.625     	
1           21.2516     	75.6765     	352.601     	
1           21.4421     	75.436      	353.553     	
1           21.9666     	75.0509     	354.312     	
1           22.616      	74.692      	354.982     	
1           23.5638     	74.8445     	355.265     	
1           24.4406     	74.4514     	355.542     	
1           25.3025     	73.9701     	355.391     	
1           26.2945     	73.8952     	355.28      	
1           27.1288     	73.3562     	355.395     	
1           27.7771     	72.8084     	354.865     	
1           28.2249     	71.9583     	354.59      	
1           28.4576     	70.9863     	354.608     	
1           28.7001     	70.025      	354.472     	
1           28.4385     	69.066      	354.574     	
1           28.4404     	68.0936     	354.337     	
1           28.5678     	67.3198     	353.718     	
1           28.53       	66.4298     	353.261     	
1           28.4078     	65.6448     	352.654     	
1           28.4883     	65.0187     	351.878     	
1           28.6718     	64.4383     	351.085     	
1           29.1709     	64.002      	350.336     	
1           29.6039     	63.9214     	349.439     	
1           29.819      	63.6025     	348.516     	
1           29.6624     	63.0288     	347.713     	
1           29.5423     	62.7806     	346.751     	
1           28.9244     	62.4241     	346.05      	
1           28.4402     	62.2215     	345.199     	
1           27.7963     	61.7753     	344.576     	
1           27.9431     	61.0939     	343.86      	
1           28.0636     	60.899      	342.887     	
1           28.6613     	60.642      	342.127     	
1           28.7612     	60.7765     	341.142     	
1           28.5841     	61.5155     	340.493     	
1           28.4035     	62.0857     	339.689     	
1           27.8663     	62.7604     	339.185     	
1           28.154      	63.1858     	338.328     	
1           28.4512     	63.5569     	337.447     	
1           28.7447     	63.7619     	336.513     	
1           28.6208     	64.1716     	335.609     	
1           28.2757     	64.543      	334.748     	
1           27.6867     	64.8581     	334.003     	
1           27.015      	65.5865     	333.871     	
1           26.3925     	66.3333     	333.635     	
1           25.75       	67.054      	333.376     	
1           24.8172     	67.3793     	333.523     	
1           23.9606     	67.8522     	333.737     	
1           23.2026     	68.4413     	334.016     	
1           22.5809     	69.2054     	334.186     	
1           22.7277     	70.1271     	334.546     	
1           22.6912     	71.0866     	334.826     	
1           22.6105     	72.0829     	334.858     	
1           22.4406     	73.0383     	335.098     	
1           21.9793     	73.6047     	335.782     	
1           21.1005     	73.9672     	336.089     	
1           20.1358     	74.2248     	336.132     	
1           19.146      	74.1992     	335.979     	
1           18.1731     	74.3648     	335.825     	
1           17.6643     	75.0111     	335.254     	
1           17.0495     	75.4852     	334.626     	
1           16.3329     	76.0697     	334.243     	
1           15.8572     	76.8975     	333.948     	
1           15.2536     	77.4216     	333.347     	
1           14.5        	77.7777     	332.796     	
1           13.8527     	78.2134     	332.168     	
1           13.1048     	78.5446     	331.594     	
1           12.2172     	78.9588     	331.392     	
1           11.3064     	78.9152     	330.985     	
1           10.4962     	79.3025     	330.543     	
1           9.69035     	79.6556     	330.068     	
1           8.79281     	79.9257     	329.716     	
1           7.84697     	79.7156     	329.476     	
1           6.85866     	79.8387     	329.373     	
1           5.93347     	79.536      	329.146     	
1           4.9385      	79.6331     	329.159     	
1           4.01039     	79.8186     	329.484     	
1           3.38996     	80.154      	330.192     	
1           2.61166     	80.214      	330.818     	
1           1.99665     	80.1442     	331.602     	
1           1.35551     	79.9576     	332.348     	
1           1.2962      	79.7429     	333.321     	
1           1.34319     	79.7948     	334.319     	
1           1.67496     	79.6606     	335.254     	
1           2.418       	79.9247     	335.87      	
1           2.99407     	80.3411     	336.571     	
1           3.36824     	81.1161     	337.082     	
1           3.72552     	81.7376     	337.779     	
1           4.42916     	82.1503     	338.359     	
1           4.99463     	82.4821     	339.113     	
1           5.43556     	82.7809     	339.96      	
1           6.17027     	82.6343     	340.622     	
1           6.86192     	82.0608     	341.06      	
1           7.40088     	81.8328     	341.87      	
1           7.87454     	81.4107     	342.644     	
1           7.95626     	80.9009     	343.501     	
1           7.73611     	80.4002     	344.338     	
1           7.33227     	80.3186     	345.249     	
1           6.87369     	79.6861     	345.873     	
1           6.82302     	79.1631     	346.722     	
1           6.76285     	78.4984     	347.468     	
1           6.83991     	77.8803     	348.251     	
1           7.10574     	77.4945     	349.134     	
1           7.50195     	76.6644     	349.528     	
1           7.65042     	76.031      	350.286     	
1           7.61809     	75.179      	350.809     	
1           7.76933     	74.5659     	351.586     	
1           7.68269     	73.992      	352.399     	
1           7.57631     	73.6267     	353.324     	
1           7.54852     	73.5388     	354.319     	
1           7.16305     	73.1824     	355.17      	
1           6.86098     	72.6942     	355.99      	
1           6.52393     	72.2842     	356.837     	
1           6.50852     	71.7953     	357.71      	
1           6.09436     	71.3614     	358.509     	
1           5.91379     	70.5492     	359.065     	
1           5.49339     	69.8206     	359.606     	
1           5.06305     	69.7109     	360.501     	
1           4.5076      	69.6484     	361.33      	
1           4.1098      	69.4283     	362.221     	
1           3.3433      	69.3148     	362.852     	
1           2.673       	68.9566     	363.504     	
1           1.94632     	68.6707     	364.129     	
1           1.06408     	68.4676     	364.551     	
1           0.541433    	68.5287     	365.403     	
1           -0.181307   	68.9659     	365.937     	
1           -0.447085   	69.483      	366.75      	
1           -0.998722   	70.209      	367.163     	
1           -1.63231    	70.838      	367.613     	
1           -2.08246    	71.4751     	368.239     	
1           -2.33976    	72.1686     	368.911     	
1           -2.81192    	72.872      	369.443     	
1           -3.15229    	73.566      	370.077     	
1           -3.05532    	74.2065     	370.838     	
1           -2.89606    	74.7018     	371.693     	
1           -2.94882    	75.234      	372.539     	
1           -3.53467    	75.7665     	373.149     	
1           -3.71941    	76.7104     	373.42      	
1           -3.92496    	77.6897     	373.409     	
1           -4.39497    	78.471      	373.818     	
1           -4.9449     	79.2526     	374.114     	
1           -5.78955    	79.5021     	374.588     	
1           -6.39627    	80.2113     	374.946     	
1           -7.07929    	80.7746     	375.412     	
1           -8.04877    	80.8266     	375.653     	
1           -8.88883    	80.3178     	375.841     	
1           -9.84938    	80.0583     	375.929     	
1           -10.642     	80.3478     	376.468     	
1           -11.2065    	81.1626     	376.601     	
1           -11.425     	81.911      	377.226     	
1           -11.9075    	82.7762     	377.369     	
1           -12.2331    	83.6936     	377.593     	
1           -12.8617    	84.3272     	378.045     	
1           -13.7139    	84.7137     	378.397     	
1           -14.6352    	84.7543     	378.785     	
1           -15.5524    	84.8692     	379.166     	
1           -16.4709    	84.4922     	379.28      	
1           -17.4554    	84.5814     	379.437     	
1           -18.4174    	84.7749     	379.248     	
1           -19.3617    	84.8358     	378.922     	
1           -20.1473    	85.3176     	378.534     	
1           -21.1429    	85.3198     	378.439     	
1           -21.9588    	85.2879     	379.016     	
1           -22.6176    	85.1433     	379.754     	
1           -23.5025    	84.8286     	380.097     	
1           -24.5001    	84.8436     	380.158     	
1           -25.4291    	85.0871     	379.876     	
1           -25.8768    	85.8629     	379.43      	
1           -26.1022    	86.3682     	378.597     	
1           -26.5647    	87.2184     	378.352     	
1           -26.8805    	87.8746     	379.037     	
1           -27.3181    	88.6474     	379.497     	
1           -27.52      	89.3684     	380.16      	
1           -27.928     	89.8793     	380.917     	
1           -28.2493    	90.5103     	381.624     	
1           -28.0543    	91.2816     	382.23      	
1           -28.0352    	91.5028     	383.205     	
1           -27.6056    	91.9462     	383.991     	
1           -27.3491    	92.7076     	384.586     	
1           -26.7373    	93.2803     	385.132     	
1           -26.0779    	93.5586     	385.831     	
1           -26.0725    	93.8364     	386.791     	
1           -26.2197    	93.9836     	387.769     	
1           -25.9439    	94.221      	388.701     	
1           -25.5352    	93.9336     	389.566     	
1           -25.3598    	93.6901     	390.521     	
1           -25.2318    	93.8492     	391.5       	
1           -25.1823    	94.5696     	392.192     	
1           -25.2584    	95.1721     	392.985     	
1           -25.1221    	95.7379     	393.798     	
1           -25.0919    	96          	394.763     	
1           -24.9936    	96.8619     	395.261     	
1           -25.1092    	97.7321     	395.74      	
1           -25.009     	98.5261     	396.34      	
1           -25.4105    	99.2324     	396.924     	
1           -26.0315    	99.6876     	397.561     	
1           -26.6271    	100.265     	398.117     	
1           -27.1677    	100.589     	398.894     	
1           -27.5649    	100.712     	399.805     	
1           -27.3478    	100.796     	400.777     	
1           -27.2907    	100.49      	401.728     	
1           -27.7854    	100.553     	402.595     	
1           -28.273     	100.303     	403.432     	
1           -29.01      	99.9916     	404.03      	
1           -29.628     	99.3523     	404.487     	
1           -30.1674    	98.6293     	404.918     	
1           -30.5307    	97.6967     	404.906     	
1           -31.048     	97.0284     	405.441     	
1           -31.4459    	96.1179     	405.329     	
1           -31.5875    	95.1291     	405.339     	
1           -31.885     	94.1744     	405.39      	
1           -31.8924    	93.1852     	405.53      	
1           -31.5281    	92.2563     	405.474     	
1           -30.6503    	91.793      	405.604     	
1           -29.9895    	91.0985     	405.887     	
1           -29.2293    	90.6311     	406.338     	
1           -28.2883    	90.6526     	406.675     	
1           -27.9131    	90.934      	407.558     	
1           -27.5119    	91.0024     	408.472     	
1           -26.7518    	90.9665     	409.122     	
1           -26.6407    	90.6519     	410.064     	
1           -26.8239    	90.1195     	410.892     	
1           -26.8342    	89.6493     	411.773     	
1           -27.1556    	89.1889     	412.601     	
1           -27.4129    	88.5277     	413.304     	
1           -27.9081    	87.7582     	413.709     	
1           -28.5738    	87.2221     	414.228     	
1           -29.2908    	86.6108     	414.564     	
1           -30.0926    	86.0167     	414.506     	
1           -30.1983    	85.0507     	414.274     	
1           -30.364     	84.0892     	414.052     	
1           -30.8229    	83.2076     	413.931     	
1           -31.5157    	82.6522     	413.473     	
1           -31.672     	81.8533     	412.89      	
1           -31.2576    	81.0674     	412.433     	
1           -30.5237    	80.5363     	412.009     	
1           -30.01      	80.2276     	411.209     	
1           -29.3144    	79.7647     	410.66      	
1           -28.4414    	79.6457     	410.186     	
1           -27.8976    	80.0259     	409.438     	
1           -27.1131    	80.3486     	408.908     	
1           -26.368     	80.9776     	408.687     	
1           -25.6853    	81.7078     	408.711     	
1           -24.8565    	82.2451     	408.86      	
1           -24.1694    	82.9623     	408.731     	
1           -23.4348    	83.5606     	409.05      	
1           -23.1142    	84.4855     	409.249     	
1           -22.7979    	85.3798     	408.928     	
1           -22.9281    	86.3629     	408.797     	
1           -23.5259    	87.1622     	408.734     	
1           -24.2139    	87.4935     	408.089     	
1           -24.6625    	87.9771     	407.339     	
1           -25.1882    	88.0817     	406.493     	
1           -25.7906    	88.1692     	405.7       	
1           -26.7876    	88.2081     	405.631     	
1           -27.7217    	88.5361     	405.767     	
1           -28.4484    	89.208      	405.629     	
1           -28.9754    	90.0386     	405.443     	
1           -29.4059    	90.6919     	404.819     	
1           -29.6527    	91.5547     	404.38      	
1           -30.0013    	92.2701     	403.775     	
1           -30.7993    	92.7038     	403.355     	
1           -31.5539    	93.0622     	402.806     	
1           -32.2697    	93.7363     	402.626     	
1           -32.9151    	94.4601     	402.379     	
1           -33.339     	95.2146     	401.878     	
1           -33.81      	96.0062     	401.491     	
1           -33.9934    	96.9612     	401.256     	
1           -33.9091    	97.9239     	400.999     	
1           -34.1129    	98.8765     	400.77      	
1           -34.5047    	99.7805     	400.596     	
1           -34.9045    	100.636     	400.268     	
1           -35.3547    	101.521     	400.157     	
1           -35.5       	102.373     	399.654     	
1           -36.0151    	103.003     	399.072     	
1           -36.9244    	103.266     	398.753     	
1           -37.7949    	103.585     	398.375     	
1           -38.5609    	103.967     	397.858     	
1           -39.2817    	103.647     	397.243     	
1           -39.7301    	103.47      	396.368     	
1           -40.0494    	102.998     	395.545     	
1           -40.7916    	102.683     	394.953     	
1           -41.5869    	102.079     	395.002     	
1           -41.9724    	101.167     	394.87      	
1           -42.0532    	100.179     	395.008     	
1           -42.1444    	99.2771     	394.586     	
1           -42.2832    	98.3834     	394.157     	
1           -42.1442    	97.3973     	394.243     	
1           -42.2241    	96.4268     	394.469     	
1           -41.8784    	95.5404     	394.78      	
1           -41.7945    	94.7129     	395.334     	
1           -41.547     	94.4732     	396.273     	
1           -41.7959    	93.9178     	397.067     	
1           -41.6422    	93.5121     	397.967     	
1           -41.1148    	93.0784     	398.697     	
1           -41.2407    	92.8626     	399.665     	
1           -41.4086    	92.6277     	400.623     	
1           -41.393     	92.0987     	401.472     	
1           -41.6657    	91.3004     	402.007     	
1           -42.4257    	90.8519     	402.478     	
1           -42.8617    	90.266      	403.161     	
1           -42.9246    	89.2757     	403.044     	
1           -42.8933    	88.31       	402.784     	
1           -42.3911    	87.4454     	402.738     	
1           -42.0757    	86.5224     	402.957     	
1           -41.6256    	85.6732     	403.234     	
1           -40.9717    	84.9872     	402.914     	
1           -40.3479    	84.255      	402.646     	
1           -39.978     	83.3418     	402.47      	
1           -39.7107    	82.3872     	402.339     	
1           -39.466     	81.636      	401.725     	
1           -38.9558    	80.8276     	401.434     	
1           -38.1932    	80.1829     	401.494     	
1           -37.2737    	79.9388     	401.184     	
1           -36.3224    	79.8815     	401.484     	
1           -35.3513    	79.8427     	401.726     	
1           -34.4959    	79.3704     	401.936     	
1           -33.5105    	79.4833     	401.808     	
1           -32.5438    	79.7187     	401.896     	
1           -31.6209    	79.9826     	401.616     	
1           -31.2047    	80.3316     	400.776     	
1           -30.8345    	80.8058     	399.977     	
1           -30.5509    	81.4853     	399.3       	
1           -30.2062    	82.1561     	398.643     	
1           -29.6716    	82.4263     	397.842     	
1           -29.0895    	82.3939     	397.029     	
1           -28.4266    	82.1295     	396.33      	
1           -28.0331    	81.6556     	395.541     	
1           -27.8098    	81.0054     	394.815     	
1           -27.481     	80.5606     	393.982     	
1           -27.2007    	79.9764     	393.221     	
1           -26.9462    	79.6126     	392.324     	
1           -26.7436    	79.4866     	391.354     	
1           -26.2507    	78.7371     	390.91      	
1           -25.8145    	78.3446     	390.101     	
1           -25.5748    	77.6775     	389.395     	
1           -24.8614    	77.103      	388.997     	
1           -24.0936    	76.6047     	388.593     	
1           -23.3149    	76.2248     	388.093     	
1           -22.4668    	75.7257     	388.27      	
1           -21.5509    	75.3782     	388.467     	
1           -20.616     	75.4083     	388.823     	
1           -19.7299    	75.869      	388.819     	
1           -19.0684    	76.5789     	389.063     	
1           -18.2972    	77.2127     	389.135     	
1           -17.3566    	77.1195     	389.46      	
1           -16.4092    	76.8085     	389.373     	
1           -15.5747    	76.2705     	389.254     	
1           -14.8758    	75.5579     	389.311     	
1           -14.8062    	74.6077     	389.01      	
1           -14.6524    	73.7916     	388.453     	
1           -14.1777    	73.0066     	388.054     	
1           -13.7155    	72.1354     	387.89      	
1           -13.3208    	71.225      	388.017     	
1           -12.8603    	70.3484     	388.16      	
1           -12.3977    	69.5775     	388.597     	
1           -12.0286    	68.6992     	388.903     	
1           -11.1942    	68.1747     	389.068     	
1           -10.4639    	67.7745     	389.621     	
1           -9.95163    	67.6405     	390.469     	
1           -9.74397    	67.4374     	391.426     	
1           -9.29808    	67.2685     	392.305     	
1           -8.31914    	67.1359     	392.462     	
1           -7.36635    	67.3932     	392.619     	
1           -6.40258    	67.5579     	392.826     	
1           -5.44438    	67.6288     	393.106     	
1           -4.58657    	67.1792     	393.358     	
1           -3.89502    	66.5589     	393.726     	
1           -3.23992    	65.9293     	394.143     	
1           -2.61739    	65.4236     	394.741     	
1           -1.88199    	64.7469     	394.767     	
1           -1.41686    	63.9286     	395.106     	
1           -0.725025   	63.4472     	395.644     	
1           -0.184592   	62.6977     	396.026     	
1           -0.0748119  	62.3171     	396.943     	
1           -0.452469   	62.683      	397.795     	
1           -0.740911   	62.9872     	398.702     	
1           -0.624239   	63.2439     	399.662     	
1           -0.509355   	63.4861     	400.625     	
1           0.0222125   	63.6656     	401.453     	
1           0.714975    	63.6366     	402.174     	
1           1.62261     	63.6226     	402.592     	
1           2.41153     	63.6065     	403.207     	
1           2.97281     	63.8903     	403.984     	
1           3.10634     	64.3787     	404.846     	
1           3.73266     	64.2756     	405.619     	
1           4.16417     	65.0078     	406.146     	
1           4.75913     	65.5031     	406.778     	
1           4.90003     	65.8209     	407.716     	
1           4.95488     	66.4644     	408.481     	
1           5.04282     	67.0049     	409.317     	
1           5.70729     	67.2062     	410.037     	
1           6.51077     	67.3233     	410.619     	
1           7.31896     	67.2976     	411.209     	
1           7.93095     	67.1955     	411.994     	
1           8.03441     	66.8065     	412.909     	
1           8.02166     	66.5641     	413.879     	
1           8.04857     	66.1457     	414.787     	
