   0.0000000000    0.0000000000    0.0000000000
   0.2725053299    0.0830743420   -0.9585611607
   0.7828626079   -0.0061684055   -1.8138805051
   1.7021984491   -0.2259155597   -1.4874868791
   2.1715166483   -0.4840486770   -0.6430298217
   2.1139284559   -0.3693316698    0.3486977660
   2.1440061683    0.0540342835    1.2541570974
   1.2945387586    0.5696964241    1.3659501056
   0.5929852918    1.1915107941    1.0178558332
  -0.1227827941    1.2838845444    0.3256541737
  -0.0251851286    1.0350556757   -0.6379634319
   0.7542746018    1.0156828932   -1.2641161480
   1.3519313682    0.8063146473   -2.0380485269
   2.0969241124    0.2230744988   -2.3618026624
   2.6408296132   -0.5743401028   -2.1004661755
   2.1581756614   -1.3724220949   -1.7397581265
   1.4115527005   -1.4702153997   -1.0817378960
   0.9489198443   -0.7066025965   -0.6313310496
   1.2521868089    0.2124583284   -0.3796245450
   1.2916637848    0.9656945356    0.2769398346
