   0.0000000000    0.0000000000    0.0000000000
  -0.7308501605    0.5710605339   -0.3738287167
  -1.4501055381    1.2652496542   -0.3460228325
  -2.3474387532    1.6610108765   -0.5413844354
  -2.8492859727    1.5229355563   -1.3952489295
  -3.3208189454    0.8683886080   -1.9862015065
  -3.0684064918    0.1387526295   -2.6217479580
  -2.9169489274   -0.5220357096   -3.3568801755
  -2.2928573806   -1.0406545394   -2.7724623022
  -1.6346551595   -1.1376303868   -2.0258931353
  -1.4737171960   -0.4372767146   -1.3304769248
  -1.2466858116    0.5359820150   -1.3654654318
  -0.6442572741    1.3074487218   -1.1607241866
  -0.3650328993    1.7822779204   -0.3261159068
  -0.0844248832    1.0798463974    0.3279858413
  -0.4481346701    0.3557094432    0.9139387938
  -1.1448963518   -0.1739882502    0.4302617192
  -1.6443679860    0.0409620747   -0.4089786781
  -2.3512338915    0.4148055119   -1.0094632125
  -2.0957481962    0.5633399634   -1.9647980105
  -1.6560284511    1.4531241506   -2.0869890331
  -1.8036276067    2.1016125207   -1.3402110721
  -1.6563512649    2.5340637726   -0.4506631004
  -1.3604600847    2.3101268065    0.4779383451
  -1.3120810365    1.3275126225    0.6571835213
  -2.0593039600    0.7673262305    0.2996235838
  -3.0416085244    0.6886001851    0.1296825572
  -3.3653245472    0.3494934738   -0.7536150002
  -3.1994591350   -0.4990934675   -1.2559981887
  -2.4139152465   -0.4451344492   -1.8724470702
  -1.5986979383   -0.2021134427   -2.3981480602
  -0.8935225074    0.4438730675   -2.6904305269
  -0.7129109371    1.3975474789   -2.4498383874
  -0.8836990748    2.3295930861   -2.1302724346
  -0.7826696383    2.5097925735   -1.1518445130
  -0.5257891015    2.8152737627   -0.2349510444
  -0.2676175785    2.4091197518    0.6416254692
  -0.6596694046    1.7557295298    1.2892183842
  -1.0405012884    0.9510539667    1.7447008914
  -1.5428749478    0.2105891840    1.2982340819
